10000
3
4
8
9
12
20
21
23
24
25
26
28
31
35
37
39
40
42
45
47
53
57
58
65
67
70
71
72
73
75
77
83
84
85
88
90
90
90
99
101
113
119
121
129
132
137
137
138
139
139
141
142
144
145
146
146
148
153
154
159
162
165
168
170
175
177
182
189
189
190
199
201
205
205
212
213
216
216
225
227
236
237
241
245
250
253
253
259
259
260
268
269
289
297
304
304
305
318
326
330
333
337
348
351
361
362
366
369
371
377
377
378
383
387
388
391
397
398
403
403
406
407
415
415
418
420
421
423
424
429
435
437
440
441
444
452
456
462
468
470
471
474
475
479
484
485
485
488
489
495
497
502
506
508
509
521
522
527
528
528
530
530
531
532
542
552
553
555
558
563
565
567
568
573
579
581
583
592
594
597
598
603
606
606
608
610
610
613
617
617
618
621
625
628
630
630
636
640
647
650
653
655
656
658
661
666
669
672
675
679
681
684
684
690
691
692
692
693
693
695
698
698
700
702
704
707
709
712
716
726
727
731
734
737
739
742
744
751
754
759
763
763
766
767
767
768
768
771
773
773
778
786
786
786
788
788
792
797
798
800
810
813
821
826
827
831
832
833
838
839
839
841
845
846
846
850
863
867
868
869
874
891
893
893
898
899
905
906
917
922
930
935
940
941
943
943
944
947
952
954
958
979
979
985
989
990
1005
1008
1009
1012
1014
1023
1025
1028
1030
1041
1042
1048
1052
1052
1056
1064
1071
1084
1085
1088
1094
1105
1106
1113
1118
1124
1124
1127
1131
1135
1135
1137
1143
1146
1154
1157
1162
1164
1171
1173
1181
1183
1187
1201
1205
1206
1206
1215
1219
1221
1224
1225
1226
1227
1228
1229
1238
1243
1244
1244
1245
1257
1259
1265
1267
1268
1268
1271
1273
1276
1278
1278
1280
1281
1286
1293
1320
1325
1331
1334
1338
1338
1339
1344
1348
1360
1363
1364
1364
1364
1366
1381
1382
1386
1390
1391
1396
1399
1401
1405
1405
1405
1408
1410
1411
1411
1421
1425
1430
1436
1439
1441
1443
1444
1445
1447
1448
1452
1454
1457
1458
1465
1466
1472
1476
1479
1482
1482
1491
1494
1495
1496
1497
1500
1503
1511
1516
1523
1527
1528
1528
1531
1534
1537
1538
1539
1539
1546
1549
1550
1552
1556
1560
1563
1563
1565
1568
1570
1570
1575
1576
1587
1587
1588
1594
1595
1604
1606
1608
1610
1615
1616
1620
1620
1623
1623
1626
1627
1643
1654
1654
1655
1661
1662
1662
1662
1663
1667
1670
1670
1675
1677
1677
1683
1683
1692
1694
1695
1697
1699
1699
1701
1705
1705
1707
1709
1710
1711
1714
1716
1717
1721
1723
1725
1727
1728
1730
1731
1731
1735
1737
1741
1741
1751
1754
1768
1770
1771
1774
1775
1776
1789
1789
1790
1792
1799
1802
1804
1807
1810
1813
1814
1818
1818
1825
1827
1827
1828
1835
1836
1840
1847
1848
1849
1851
1852
1861
1862
1863
1864
1866
1866
1881
1881
1882
1883
1887
1890
1892
1897
1898
1899
1903
1905
1908
1908
1912
1915
1916
1920
1924
1925
1925
1927
1932
1933
1935
1936
1941
1942
1943
1943
1949
1951
1954
1961
1967
1969
1970
1979
1981
1984
1988
1990
1991
1991
1993
1997
2003
2007
2016
2018
2019
2021
2028
2030
2039
2043
2045
2047
2050
2054
2061
2064
2065
2065
2066
2069
2071
2073
2085
2088
2088
2093
2094
2094
2095
2097
2105
2111
2112
2118
2125
2125
2136
2137
2138
2139
2140
2144
2145
2150
2151
2160
2173
2178
2181
2183
2186
2187
2188
2192
2199
2206
2208
2209
2211
2222
2224
2232
2237
2242
2244
2250
2257
2257
2258
2263
2264
2269
2270
2277
2278
2280
2280
2282
2286
2287
2289
2290
2295
2305
2307
2317
2317
2322
2323
2327
2330
2331
2332
2334
2337
2340
2343
2344
2352
2357
2364
2370
2376
2377
2379
2382
2393
2397
2398
2401
2403
2403
2406
2410
2415
2420
2425
2426
2429
2432
2433
2435
2438
2443
2444
2445
2451
2452
2461
2461
2463
2466
2466
2469
2469
2474
2480
2481
2486
2489
2489
2491
2497
2503
2505
2508
2510
2512
2513
2514
2516
2519
2520
2529
2530
2534
2534
2538
2541
2545
2548
2549
2554
2556
2565
2572
2574
2585
2593
2594
2599
2608
2609
2609
2621
2622
2623
2625
2641
2643
2645
2646
2647
2649
2650
2651
2658
2661
2662
2663
2664
2669
2670
2670
2676
2678
2690
2695
2695
2699
2700
2702
2702
2703
2715
2718
2718
2725
2732
2732
2734
2737
2737
2739
2741
2742
2751
2774
2775
2782
2785
2786
2790
2792
2792
2792
2794
2796
2807
2809
2814
2815
2815
2815
2819
2823
2827
2829
2829
2838
2839
2839
2845
2850
2851
2852
2858
2862
2872
2880
2883
2883
2884
2885
2900
2910
2914
2922
2923
2927
2942
2943
2944
2946
2964
2980
2989
2990
2995
2997
2997
3000
3005
3005
3012
3022
3022
3029
3032
3034
3036
3053
3055
3059
3061
3063
3065
3068
3075
3078
3079
3080
3080
3083
3084
3092
3093
3093
3106
3110
3112
3114
3123
3123
3127
3128
3134
3145
3148
3154
3154
3154
3161
3162
3163
3164
3169
3171
3179
3181
3184
3187
3187
3192
3196
3196
3198
3200
3202
3205
3210
3212
3215
3217
3217
3217
3220
3220
3223
3227
3232
3239
3240
3241
3241
3243
3244
3248
3251
3252
3253
3256
3260
3264
3266
3271
3276
3278
3279
3281
3281
3282
3287
3292
3293
3309
3317
3318
3320
3323
3328
3332
3333
3335
3336
3338
3338
3339
3340
3340
3343
3348
3351
3356
3360
3362
3370
3375
3379
3380
3388
3388
3393
3394
3396
3396
3400
3402
3406
3413
3420
3425
3426
3429
3432
3435
3445
3445
3447
3449
3454
3454
3455
3458
3461
3465
3469
3477
3477
3480
3495
3497
3503
3505
3517
3523
3523
3524
3525
3526
3527
3529
3537
3542
3545
3546
3547
3554
3554
3555
3558
3559
3561
3565
3565
3566
3569
3572
3573
3576
3577
3580
3582
3585
3586
3586
3591
3592
3592
3596
3603
3609
3611
3616
3617
3617
3636
3637
3637
3640
3644
3644
3650
3650
3651
3652
3656
3659
3666
3670
3671
3671
3684
3687
3690
3695
3696
3698
3700
3706
3709
3716
3719
3730
3734
3737
3742
3749
3751
3760
3760
3766
3771
3771
3772
3777
3780
3787
3789
3789
3795
3799
3802
3805
3815
3815
3817
3818
3822
3826
3830
3832
3834
3839
3843
3845
3849
3850
3855
3856
3856
3864
3872
3872
3873
3879
3885
3897
3902
3903
3904
3905
3912
3913
3914
3915
3916
3916
3917
3919
3921
3925
3925
3929
3930
3935
3935
3936
3939
3943
3946
3952
3954
3964
3967
3968
3969
3971
3987
3988
3989
3992
3995
4000
4001
4006
4009
4010
4010
4012
4015
4015
4020
4027
4030
4042
4044
4047
4047
4055
4059
4071
4074
4075
4088
4090
4092
4099
4101
4112
4117
4120
4121
4139
4141
4141
4157
4167
4167
4172
4179
4182
4188
4189
4189
4193
4195
4198
4198
4200
4200
4202
4202
4205
4205
4208
4208
4218
4221
4227
4229
4231
4235
4237
4237
4246
4248
4253
4255
4265
4278
4282
4285
4287
4287
4287
4291
4293
4299
4301
4302
4305
4306
4306
4309
4316
4319
4321
4322
4324
4327
4333
4337
4343
4345
4346
4346
4360
4360
4361
4362
4363
4364
4371
4372
4380
4381
4389
4391
4397
4402
4403
4404
4409
4410
4410
4413
4413
4415
4416
4421
4422
4429
4429
4431
4434
4436
4438
4441
4442
4444
4447
4452
4458
4460
4460
4464
4468
4472
4474
4477
4485
4485
4486
4489
4493
4496
4500
4502
4508
4508
4509
4510
4511
4514
4515
4521
4524
4530
4539
4546
4546
4549
4550
4562
4564
4566
4568
4569
4580
4580
4583
4586
4591
4591
4592
4593
4599
4604
4605
4605
4609
4611
4611
4617
4617
4623
4629
4632
4638
4638
4638
4640
4640
4641
4651
4654
4662
4665
4667
4670
4678
4680
4682
4683
4685
4690
4693
4693
4698
4704
4705
4709
4711
4712
4715
4718
4718
4719
4720
4721
4724
4728
4730
4732
4733
4738
4747
4749
4750
4750
4750
4755
4756
4757
4761
4762
4766
4769
4770
4772
4783
4784
4788
4795
4798
4806
4809
4813
4816
4821
4826
4827
4836
4841
4852
4854
4855
4858
4860
4860
4867
4868
4872
4872
4876
4879
4882
4883
4898
4901
4907
4912
4919
4920
4928
4930
4931
4940
4941
4946
4948
4948
4949
4951
4953
4954
4958
4961
4966
4969
4970
4977
4978
4980
4981
4982
4983
4985
4985
4986
4987
4987
4998
4999
5000
5006
5015
5021
5021
5022
5028
5030
5032
5032
5033
5033
5034
5035
5035
5038
5041
5044
5045
5047
5053
5053
5055
5058
5059
5064
5081
5081
5084
5084
5086
5089
5093
5094
5096
5105
5107
5117
5119
5123
5134
5136
5137
5138
5138
5140
5140
5144
5152
5154
5156
5158
5158
5161
5169
5174
5175
5177
5180
5187
5190
5191
5193
5202
5204
5209
5220
5224
5225
5226
5227
5230
5230
5233
5234
5235
5241
5242
5246
5249
5249
5251
5253
5256
5259
5268
5275
5279
5281
5284
5289
5293
5299
5300
5300
5303
5306
5312
5312
5319
5320
5340
5340
5343
5344
5345
5348
5351
5352
5352
5354
5356
5363
5371
5384
5385
5386
5388
5389
5393
5396
5398
5398
5403
5408
5409
5413
5416
5416
5417
5418
5423
5427
5433
5436
5446
5448
5450
5450
5456
5465
5466
5469
5470
5471
5472
5475
5485
5488
5489
5491
5494
5506
5507
5511
5512
5513
5517
5519
5520
5521
5521
5525
5532
5532
5536
5537
5538
5538
5540
5541
5542
5545
5547
5553
5555
5558
5560
5565
5566
5570
5578
5580
5584
5584
5584
5589
5596
5602
5603
5606
5610
5621
5628
5635
5638
5643
5646
5646
5651
5651
5651
5660
5668
5675
5675
5676
5677
5677
5692
5692
5693
5694
5695
5695
5699
5707
5712
5714
5715
5716
5717
5721
5722
5722
5725
5726
5728
5732
5741
5745
5745
5750
5750
5752
5754
5758
5760
5764
5765
5767
5769
5771
5775
5775
5778
5783
5783
5783
5792
5793
5794
5794
5794
5797
5808
5809
5819
5820
5820
5821
5821
5831
5841
5842
5844
5845
5848
5850
5851
5854
5857
5857
5859
5865
5869
5872
5874
5874
5876
5881
5883
5893
5906
5907
5912
5915
5920
5927
5932
5934
5936
5937
5939
5939
5943
5945
5945
5946
5950
5958
5967
5970
5973
5974
5984
5984
5985
5987
5987
5991
5994
6002
6003
6003
6006
6008
6013
6025
6030
6038
6038
6040
6046
6048
6050
6064
6065
6067
6070
6085
6089
6091
6094
6097
6100
6102
6102
6118
6120
6122
6125
6125
6126
6127
6129
6130
6133
6135
6139
6140
6141
6146
6149
6149
6153
6157
6161
6164
6167
6170
6172
6184
6188
6190
6190
6193
6204
6204
6204
6206
6209
6209
6213
6219
6219
6221
6227
6231
6231
6238
6241
6249
6257
6257
6258
6259
6266
6266
6272
6272
6286
6287
6292
6296
6300
6300
6300
6305
6321
6327
6329
6332
6335
6336
6336
6339
6340
6341
6344
6345
6354
6358
6365
6366
6366
6369
6372
6377
6379
6382
6388
6395
6396
6398
6402
6407
6413
6421
6421
6422
6423
6424
6426
6427
6430
6430
6431
6438
6440
6441
6444
6446
6450
6450
6459
6460
6461
6463
6464
6473
6477
6478
6479
6484
6486
6490
6490
6491
6500
6502
6502
6504
6508
6508
6513
6533
6533
6538
6538
6540
6546
6549
6550
6557
6558
6561
6562
6572
6575
6576
6582
6582
6582
6586
6586
6586
6595
6598
6599
6602
6608
6611
6612
6615
6619
6621
6624
6629
6631
6635
6635
6636
6637
6640
6645
6646
6648
6651
6655
6667
6667
6673
6673
6675
6676
6685
6685
6688
6693
6693
6702
6703
6704
6705
6708
6716
6718
6719
6723
6724
6731
6731
6733
6734
6738
6741
6744
6747
6747
6748
6753
6762
6762
6763
6763
6766
6766
6766
6767
6767
6768
6777
6782
6784
6798
6811
6813
6813
6816
6817
6823
6824
6824
6826
6831
6833
6834
6838
6840
6844
6846
6847
6849
6849
6850
6850
6851
6860
6860
6862
6862
6867
6868
6872
6875
6878
6879
6881
6881
6885
6888
6890
6890
6894
6896
6900
6906
6910
6914
6915
6915
6922
6923
6923
6923
6925
6928
6929
6932
6932
6941
6946
6955
6964
6966
6968
6972
6975
6990
6996
7001
7004
7007
7008
7011
7016
7026
7028
7030
7030
7042
7043
7043
7048
7049
7054
7055
7056
7056
7058
7058
7072
7075
7081
7085
7087
7091
7091
7093
7099
7103
7104
7107
7118
7121
7125
7128
7131
7136
7137
7148
7152
7158
7161
7162
7171
7172
7178
7178
7184
7185
7189
7193
7195
7196
7204
7205
7208
7210
7213
7221
7223
7229
7231
7234
7237
7239
7239
7240
7240
7242
7245
7251
7253
7254
7262
7262
7266
7267
7270
7271
7273
7274
7277
7283
7285
7288
7296
7298
7298
7299
7300
7301
7301
7303
7321
7326
7328
7328
7339
7349
7355
7357
7357
7358
7366
7372
7372
7373
7373
7375
7389
7406
7406
7406
7413
7419
7426
7432
7435
7438
7440
7441
7443
7446
7448
7450
7452
7456
7467
7468
7469
7470
7473
7475
7475
7478
7481
7483
7485
7491
7491
7492
7492
7492
7498
7507
7511
7514
7516
7523
7523
7528
7531
7534
7534
7535
7535
7538
7540
7540
7544
7544
7545
7546
7546
7547
7549
7551
7561
7572
7573
7578
7580
7582
7585
7586
7588
7590
7592
7596
7603
7604
7604
7611
7613
7614
7619
7619
7629
7633
7634
7636
7639
7639
7639
7640
7646
7658
7658
7659
7665
7665
7666
7666
7668
7670
7672
7679
7679
7682
7682
7688
7688
7693
7693
7694
7701
7701
7716
7717
7718
7719
7720
7720
7721
7726
7727
7727
7728
7730
7737
7738
7739
7740
7741
7746
7750
7757
7761
7768
7768
7774
7782
7783
7785
7787
7790
7793
7804
7809
7811
7811
7813
7833
7846
7849
7857
7862
7863
7879
7883
7886
7886
7887
7887
7898
7901
7905
7905
7909
7912
7915
7918
7925
7926
7933
7943
7950
7952
7953
7954
7961
7965
7966
7970
7971
7971
7975
7975
7976
7976
7977
7977
7981
7986
7993
7997
7997
8001
8007
8010
8012
8023
8026
8029
8034
8035
8042
8044
8045
8046
8055
8056
8057
8060
8061
8064
8072
8073
8079
8080
8081
8086
8090
8091
8091
8092
8100
8103
8106
8106
8106
8107
8108
8113
8113
8117
8120
8124
8125
8125
8130
8144
8146
8148
8153
8159
8160
8162
8166
8168
8168
8171
8172
8174
8177
8182
8184
8186
8187
8188
8189
8194
8194
8202
8211
8217
8217
8231
8234
8235
8237
8239
8243
8245
8246
8247
8250
8252
8252
8256
8257
8258
8266
8266
8272
8275
8283
8283
8286
8288
8290
8292
8303
8310
8313
8314
8315
8324
8324
8324
8326
8327
8329
8339
8339
8343
8344
8346
8351
8352
8357
8358
8360
8361
8363
8373
8373
8374
8378
8380
8380
8381
8383
8383
8386
8387
8387
8388
8388
8394
8394
8396
8399
8400
8400
8411
8414
8415
8418
8419
8421
8421
8425
8428
8431
8434
8437
8437
8445
8454
8456
8463
8472
8477
8483
8484
8486
8490
8491
8493
8493
8496
8498
8503
8505
8507
8510
8513
8514
8514
8522
8525
8526
8529
8529
8532
8535
8541
8545
8546
8550
8551
8552
8553
8563
8579
8581
8582
8591
8592
8594
8595
8596
8597
8606
8610
8611
8613
8616
8624
8627
8631
8636
8638
8643
8644
8652
8653
8658
8670
8672
8672
8681
8684
8686
8692
8692
8695
8695
8700
8703
8705
8706
8707
8709
8714
8716
8719
8720
8722
8722
8724
8724
8729
8731
8732
8738
8738
8740
8741
8752
8752
8752
8753
8753
8756
8764
8768
8778
8779
8785
8787
8793
8795
8799
8803
8804
8805
8807
8807
8819
8823
8827
8828
8831
8833
8835
8835
8838
8848
8850
8852
8853
8860
8867
8871
8872
8875
8879
8880
8884
8885
8889
8890
8890
8891
8896
8901
8907
8911
8917
8918
8919
8922
8922
8925
8928
8930
8930
8933
8933
8934
8935
8937
8938
8941
8941
8956
8957
8962
8964
8965
8968
8971
8976
8978
8979
8982
8982
8983
8984
8987
8990
8991
8993
8996
9006
9009
9009
9012
9023
9023
9029
9033
9034
9047
9048
9050
9053
9058
9067
9072
9072
9074
9076
9077
9078
9079
9081
9085
9086
9087
9088
9090
9091
9094
9095
9099
9102
9107
9118
9122
9125
9129
9133
9135
9145
9152
9156
9159
9164
9166
9166
9168
9180
9183
9188
9190
9193
9196
9197
9198
9204
9220
9223
9227
9228
9246
9248
9251
9252
9253
9257
9260
9261
9265
9265
9266
9270
9273
9275
9275
9277
9282
9289
9290
9297
9298
9299
9301
9310
9314
9316
9319
9320
9321
9324
9328
9341
9344
9345
9354
9354
9359
9364
9365
9370
9375
9385
9387
9388
9389
9401
9405
9407
9412
9420
9421
9425
9425
9428
9429
9431
9449
9451
9452
9458
9462
9463
9464
9466
9467
9479
9487
9487
9488
9492
9496
9499
9501
9501
9503
9505
9507
9507
9508
9515
9523
9524
9526
9527
9531
9535
9535
9537
9546
9551
9555
9561
9561
9566
9573
9574
9578
9578
9583
9588
9594
9599
9601
9605
9606
9609
9616
9624
9625
9643
9646
9647
9653
9658
9658
9662
9671
9690
9693
9694
9695
9695
9699
9707
9711
9714
9722
9726
9729
9730
9734
9740
9754
9762
9765
9766
9768
9770
9772
9774
9782
9783
9783
9789
9790
9793
9793
9793
9803
9814
9815
9815
9818
9818
9827
9834
9836
9836
9843
9845
9846
9847
9847
9847
9850
9850
9856
9858
9858
9858
9859
9860
9868
9868
9876
9905
9914
9916
9921
9923
9924
9934
9941
9942
9947
9948
9951
9958
9961
9963
9964
9969
9970
9977
9981
9982
9983
9984
9988
9990
10000
10002
10002
10004
10006
10016
10018
10030
10032
10035
10036
10038
10039
10039
10041
10047
10048
10048
10053
10057
10068
10072
10075
10080
10083
10089
10090
10102
10103
10103
10106
10106
10120
10127
10130
10133
10134
10139
10141
10142
10142
10143
10144
10146
10150
10155
10161
10163
10165
10167
10168
10171
10178
10180
10184
10184
10189
10193
10198
10199
10202
10202
10203
10204
10208
10219
10223
10224
10234
10238
10252
10258
10258
10263
10264
10268
10270
10273
10274
10276
10282
10282
10285
10287
10287
10293
10293
10298
10300
10302
10309
10309
10312
10313
10317
10319
10324
10341
10342
10344
10350
10350
10357
10365
10371
10371
10377
10378
10380
10382
10382
10388
10389
10390
10391
10393
10396
10396
10397
10400
10405
10406
10408
10411
10415
10419
10422
10425
10426
10428
10430
10439
10440
10443
10446
10447
10449
10453
10456
10459
10460
10463
10466
10467
10468
10468
10469
10471
10474
10481
10482
10485
10485
10489
10490
10494
10498
10504
10506
10506
10508
10518
10530
10531
10532
10538
10539
10540
10542
10555
10556
10556
10557
10558
10559
10560
10573
10574
10584
10591
10597
10597
10599
10600
10600
10605
10606
10607
10615
10630
10635
10635
10637
10638
10639
10640
10642
10648
10652
10654
10657
10663
10666
10668
10670
10677
10677
10677
10677
10678
10679
10680
10681
10684
10687
10688
10697
10697
10698
10699
10700
10700
10708
10713
10720
10722
10724
10733
10737
10742
10745
10746
10747
10748
10753
10755
10756
10758
10761
10761
10764
10765
10773
10777
10782
10789
10790
10792
10794
10795
10797
10797
10798
10802
10805
10806
10807
10809
10812
10813
10816
10819
10820
10823
10824
10827
10828
10832
10838
10842
10843
10844
10844
10845
10849
10855
10860
10861
10867
10869
10872
10872
10876
10879
10882
10883
10883
10886
10891
10900
10904
10904
10906
10909
10910
10915
10923
10925
10925
10929
10935
10935
10938
10940
10943
10945
10946
10951
10951
10955
10961
10963
10966
10968
10970
10971
10974
10976
10976
10980
10980
10984
10986
10987
10991
10996
10998
10999
11001
11001
11007
11011
11014
11021
11026
11027
11044
11047
11048
11049
11049
11051
11052
11056
11056
11058
11064
11069
11072
11073
11073
11080
11091
11094
11096
11099
11105
11110
11114
11121
11127
11128
11134
11137
11146
11149
11149
11153
11154
11156
11156
11158
11159
11159
11160
11171
11176
11183
11186
11191
11192
11197
11210
11210
11211
11211
11217
11221
11221
11223
11230
11231
11237
11238
11240
11243
11245
11261
11262
11267
11271
11293
11299
11299
11300
11304
11319
11320
11323
11324
11343
11347
11347
11351
11358
11367
11367
11369
11373
11376
11381
11381
11382
11383
11385
11393
11395
11397
11400
11408
11410
11417
11420
11425
11427
11430
11431
11431
11434
11435
11444
11447
11452
11453
11455
11455
11456
11457
11458
11462
11465
11471
11472
11473
11483
11486
11493
11495
11495
11500
11502
11503
11504
11508
11508
11514
11520
11521
11521
11528
11531
11544
11554
11558
11560
11560
11567
11568
11569
11570
11574
11576
11585
11592
11593
11597
11599
11612
11612
11619
11620
11620
11622
11626
11630
11638
11643
11647
11647
11650
11652
11656
11659
11670
11672
11681
11684
11684
11694
11696
11698
11707
11714
11715
11718
11721
11728
11736
11738
11743
11749
11753
11754
11754
11755
11759
11763
11771
11773
11777
11781
11784
11785
11787
11788
11788
11798
11807
11808
11812
11822
11825
11827
11829
11830
11833
11836
11837
11838
11845
11849
11852
11855
11857
11858
11859
11859
11860
11872
11874
11874
11875
11876
11881
11886
11888
11888
11891
11896
11906
11909
11915
11918
11921
11925
11929
11945
11950
11953
11957
11957
11959
11960
11962
11969
11977
11978
11979
11980
11983
11986
11989
11991
11999
11999
12000
12003
12008
12012
12018
12019
12021
12027
12027
12033
12036
12038
12039
12040
12041
12042
12042
12048
12048
12054
12060
12065
12066
12068
12069
12073
12074
12074
12075
12076
12078
12079
12081
12082
12082
12083
12087
12088
12093
12097
12100
12104
12105
12110
12118
12121
12126
12129
12133
12135
12136
12137
12140
12147
12151
12154
12155
12157
12158
12158
12166
12170
12180
12187
12189
12193
12197
12200
12205
12212
12218
12222
12223
12229
12238
12239
12242
12244
12245
12245
12249
12249
12250
12251
12253
12254
12258
12259
12270
12274
12274
12275
12276
12279
12280
12280
12289
12293
12294
12295
12295
12296
12300
12306
12306
12312
12319
12322
12324
12328
12341
12344
12344
12351
12353
12355
12356
12358
12359
12360
12361
12365
12368
12372
12376
12384
12389
12393
12394
12406
12413
12415
12415
12420
12425
12425
12432
12433
12437
12438
12444
12448
12452
12455
12455
12460
12464
12472
12473
12481
12488
12488
12489
12490
12493
12494
12499
12500
12503
12503
12504
12515
12515
12516
12517
12525
12526
12527
12529
12531
12534
12536
12537
12537
12541
12543
12546
12547
12549
12549
12559
12561
12567
12570
12570
12572
12578
12581
12582
12584
12589
12593
12594
12600
12606
12610
12611
12618
12619
12619
12623
12625
12626
12628
12628
12629
12634
12637
12644
12654
12670
12674
12675
12677
12686
12693
12695
12698
12704
12706
12707
12709
12712
12714
12716
12722
12723
12725
12728
12729
12729
12733
12735
12737
12746
12747
12750
12755
12759
12759
12771
12779
12779
12782
12788
12793
12796
12800
12808
12809
12809
12817
12825
12826
12833
12833
12837
12840
12844
12848
12848
12855
12862
12864
12878
12879
12882
12888
12889
12890
12891
12891
12891
12892
12896
12902
12907
12911
12912
12912
12915
12919
12920
12920
12924
12926
12927
12927
12930
12931
12933
12933
12935
12935
12936
12937
12937
12940
12946
12948
12959
12975
12978
12983
12993
12998
12999
13000
13004
13009
13020
13028
13028
13037
13037
13041
13043
13047
13048
13049
13053
13063
13063
13063
13076
13079
13082
13093
13095
13101
13101
13114
13117
13120
13120
13124
13132
13137
13139
13142
13143
13143
13145
13145
13149
13152
13156
13161
13162
13163
13163
13163
13165
13168
13171
13175
13178
13179
13188
13189
13192
13194
13196
13201
13202
13207
13208
13209
13210
13224
13226
13232
13232
13234
13239
13240
13245
13245
13245
13245
13250
13252
13253
13257
13260
13261
13262
13265
13269
13281
13285
13285
13289
13290
13290
13293
13296
13297
13303
13310
13310
13312
13316
13316
13316
13318
13330
13331
13335
13336
13337
13338
13341
13345
13357
13359
13360
13361
13362
13365
13367
13370
13371
13377
13384
13388
13392
13403
13406
13407
13407
13419
13428
13437
13438
13441
13444
13444
13452
13452
13454
13458
13460
13465
13465
13467
13472
13472
13475
13476
13485
13485
13487
13489
13490
13490
13491
13497
13500
13502
13503
13505
13506
13509
13509
13509
13517
13518
13519
13525
13531
13538
13540
13543
13549
13549
13557
13559
13567
13573
13573
13577
13578
13579
13580
13584
13590
13592
13597
13599
13604
13608
13611
13612
13613
13623
13627
13629
13631
13632
13635
13640
13642
13645
13647
13649
13652
13657
13659
13674
13675
13675
13682
13686
13694
13696
13697
13698
13704
13705
13713
13716
13716
13717
13720
13722
13727
13730
13739
13740
13746
13748
13749
13758
13758
13759
13762
13763
13770
13772
13773
13774
13776
13777
13784
13784
13785
13787
13787
13790
13790
13793
13795
13799
13803
13810
13817
13818
13826
13830
13833
13837
13843
13851
13852
13854
13855
13855
13865
13870
13874
13877
13877
13883
13885
13886
13888
13888
13896
13903
13910
13912
13914
13917
13917
13924
13925
13927
13929
13930
13933
13935
13940
13946
13950
13953
13959
13963
13965
13971
13973
13976
13976
13977
13991
13991
13993
13993
13997
13998
14000
14007
14015
14016
14017
14019
14020
14022
14023
14024
14025
14026
14035
14047
14050
14055
14058
14062
14062
14063
14066
14066
14072
14077
14078
14080
14081
14086
14091
14095
14096
14099
14106
14107
14108
14115
14118
14119
14122
14127
14140
14141
14144
14145
14153
14155
14161
14161
14164
14171
14177
14179
14185
14186
14193
14196
14196
14197
14199
14199
14214
14218
14229
14231
14232
14241
14241
14243
14246
14248
14248
14248
14255
14262
14265
14268
14272
14274
14278
14286
14293
14318
14329
14331
14332
14333
14334
14336
14337
14341
14345
14360
14361
14363
14364
14368
14373
14376
14377
14377
14381
14383
14385
14386
14387
14394
14398
14398
14398
14399
14399
14409
14413
14419
14422
14423
14426
14427
14428
14428
14437
14439
14439
14442
14443
14449
14458
14460
14462
14463
14464
14466
14469
14471
14473
14481
14486
14486
14489
14497
14502
14504
14507
14508
14512
14512
14518
14520
14522
14523
14523
14524
14526
14535
14536
14537
14541
14541
14545
14550
14552
14557
14560
14565
14568
14568
14578
14581
14589
14590
14597
14605
14609
14611
14613
14614
14615
14615
14616
14619
14624
14629
14631
14633
14636
14638
14640
14640
14640
14642
14643
14648
14651
14658
14659
14662
14663
14668
14670
14672
14676
14684
14693
14694
14697
14702
14709
14709
14712
14713
14720
14722
14723
14726
14726
14730
14731
14737
14749
14752
14753
14754
14762
14767
14767
14771
14775
14776
14776
14779
14780
14784
14788
14790
14790
14799
14801
14804
14812
14815
14817
14819
14820
14820
14824
14825
14833
14835
14838
14840
14844
14852
14854
14855
14855
14867
14868
14868
14875
14878
14881
14883
14889
14889
14890
14890
14890
14893
14895
14898
14899
14901
14902
14907
14923
14932
14935
14938
14938
14943
14948
14957
14960
14962
14964
14964
14966
14969
14972
14972
14978
14984
14988
14990
14990
14992
14996
15000
15002
15004
15005
15008
15009
15012
15012
15013
15017
15020
15022
15023
15023
15024
15024
15026
15026
15031
15031
15032
15037
15038
15055
15060
15061
15062
15063
15072
15075
15082
15084
15089
15089
15090
15094
15094
15098
15100
15117
15121
15127
15132
15137
15137
15137
15138
15140
15144
15145
15147
15149
15152
15165
15169
15171
15174
15175
15177
15179
15183
15183
15189
15190
15199
15199
15199
15203
15221
15225
15229
15232
15238
15238
15246
15248
15249
15250
15253
15255
15257
15257
15258
15264
15266
15271
15271
15273
15275
15279
15281
15282
15290
15290
15290
15292
15296
15304
15311
15314
15315
15319
15323
15333
15338
15343
15344
15346
15346
15347
15349
15351
15355
15355
15369
15370
15370
15370
15374
15376
15377
15380
15384
15385
15390
15399
15404
15406
15406
15407
15411
15414
15415
15416
15423
15431
15433
15441
15444
15447
15447
15452
15454
15458
15460
15460
15463
15467
15467
15469
15469
15469
15471
15472
15477
15492
15495
15503
15505
15505
15529
15533
15535
15536
15536
15543
15546
15561
15565
15565
15567
15568
15579
15581
15589
15590
15596
15597
15600
15601
15605
15606
15610
15615
15615
15618
15620
15621
15622
15623
15625
15632
15635
15638
15639
15648
15651
15653
15665
15665
15665
15670
15674
15675
15676
15677
15678
15689
15690
15692
15706
15707
15712
15713
15717
15718
15719
15721
15722
15726
15727
15729
15729
15733
15739
15741
15745
15749
15756
15758
15760
15760
15765
15772
15778
15780
15781
15781
15787
15787
15788
15791
15791
15793
15794
15800
15802
15802
15807
15811
15812
15812
15813
15814
15815
15818
15821
15822
15826
15827
15828
15833
15834
15835
15837
15842
15846
15847
15851
15851
15857
15862
15863
15864
15865
15866
15868
15869
15869
15871
15874
15881
15885
15891
15896
15901
15905
15907
15918
15923
15927
15928
15937
15940
15941
15941
15944
15945
15947
15948
15948
15953
15955
15955
15961
15966
15966
15966
15967
15969
15970
15980
15986
15987
15991
15993
16000
16000
16001
16002
16006
16015
16016
16016
16019
16020
16024
16028
16028
16030
16038
16040
16048
16051
16052
16056
16060
16061
16065
16070
16071
16074
16080
16081
16085
16085
16088
16088
16090
16094
16096
16097
16099
16099
16100
16100
16100
16111
16114
16115
16116
16117
16125
16128
16129
16131
16135
16139
16139
16139
16141
16145
16148
16157
16158
16163
16188
16191
16191
16193
16208
16211
16216
16217
16218
16218
16224
16225
16226
16234
16235
16237
16238
16244
16250
16251
16255
16256
16257
16257
16259
16274
16278
16280
16281
16281
16282
16288
16290
16292
16296
16317
16320
16321
16327
16331
16333
16334
16336
16337
16338
16339
16339
16343
16344
16345
16349
16360
16361
16366
16367
16371
16387
16395
16396
16397
16398
16405
16406
16411
16430
16432
16434
16436
16439
16446
16448
16448
16453
16461
16461
16463
16463
16464
16466
16467
16467
16467
16469
16474
16474
16479
16491
16497
16498
16498
16499
16500
16502
16519
16534
16544
16545
16549
16552
16561
16565
16575
16576
16583
16584
16586
16587
16588
16589
16589
16590
16590
16591
16594
16595
16598
16600
16603
16612
16616
16620
16624
16626
16626
16633
16641
16647
16649
16653
16657
16666
16671
16677
16678
16678
16678
16683
16693
16696
16697
16701
16702
16703
16704
16708
16710
16712
16713
16714
16715
16717
16727
16727
16729
16731
16735
16739
16741
16742
16748
16754
16755
16757
16760
16760
16764
16769
16778
16782
16791
16794
16798
16800
16800
16804
16806
16807
16808
16811
16811
16812
16824
16825
16828
16828
16833
16834
16834
16835
16838
16840
16840
16843
16845
16853
16856
16857
16859
16866
16868
16873
16876
16878
16882
16883
16884
16891
16893
16895
16897
16909
16911
16913
16916
16917
16922
16923
16924
16933
16937
16938
16948
16952
16955
16966
16972
16977
16979
16981
16983
16983
16984
16990
16991
16999
17004
17004
17006
17008
17011
17011
17013
17013
17014
17015
17016
17016
17022
17032
17040
17041
17049
17049
17054
17056
17059
17063
17064
17065
17065
17072
17073
17076
17089
17089
17093
17095
17096
17103
17103
17107
17107
17117
17118
17120
17125
17132
17135
17135
17137
17139
17140
17148
17153
17156
17156
17157
17157
17168
17173
17177
17182
17184
17187
17192
17194
17199
17204
17205
17206
17206
17207
17209
17213
17222
17223
17226
17227
17230
17230
17233
17233
17235
17236
17241
17244
17245
17252
17252
17253
17260
17262
17264
17267
17269
17271
17282
17282
17290
17291
17295
17296
17312
17318
17322
17327
17330
17334
17342
17347
17349
17350
17362
17366
17368
17369
17374
17375
17376
17377
17388
17399
17401
17403
17405
17408
17411
17420
17421
17427
17430
17431
17432
17436
17438
17438
17438
17441
17442
17452
17454
17457
17457
17460
17461
17464
17465
17469
17480
17482
17499
17500
17501
17508
17508
17518
17519
17519
17520
17524
17525
17525
17530
17537
17540
17540
17541
17547
17552
17552
17552
17553
17554
17554
17557
17569
17569
17569
17571
17575
17576
17583
17584
17584
17585
17586
17586
17589
17590
17591
17598
17604
17610
17611
17612
17615
17616
17619
17622
17623
17624
17629
17632
17633
17641
17644
17650
17651
17653
17659
17668
17670
17683
17683
17686
17688
17689
17691
17691
17692
17699
17708
17709
17709
17713
17718
17720
17723
17723
17723
17727
17728
17728
17730
17731
17745
17746
17752
17757
17762
17774
17775
17776
17776
17777
17780
17780
17781
17784
17801
17802
17803
17803
17804
17809
17827
17830
17831
17832
17839
17843
17843
17852
17855
17858
17859
17860
17877
17879
17882
17887
17888
17889
17889
17893
17895
17898
17901
17901
17905
17906
17906
17908
17911
17916
17922
17922
17923
17925
17929
17929
17933
17939
17940
17942
17945
17945
17945
17945
17950
17953
17953
17954
17960
17968
17973
17974
17975
17975
17981
17982
17984
17995
17998
18001
18008
18011
18012
18018
18023
18025
18026
18028
18032
18036
18038
18040
18042
18043
18058
18060
18061
18061
18064
18064
18074
18075
18075
18085
18086
18098
18098
18102
18103
18104
18108
18110
18111
18121
18125
18126
18129
18133
18135
18135
18136
18138
18140
18147
18154
18158
18166
18166
18166
18170
18170
18174
18175
18178
18182
18189
18190
18200
18201
18213
18217
18222
18222
18227
18230
18232
18237
18238
18245
18249
18250
18254
18255
18258
18259
18259
18268
18271
18275
18277
18281
18283
18283
18284
18294
18296
18296
18298
18300
18300
18300
18318
18319
18321
18328
18333
18334
18335
18337
18341
18345
18345
18352
18361
18364
18366
18367
18370
18373
18374
18382
18386
18388
18389
18390
18396
18403
18413
18413
18418
18423
18424
18424
18434
18440
18442
18442
18443
18444
18446
18448
18455
18455
18456
18456
18457
18460
18461
18461
18464
18470
18470
18477
18479
18482
18490
18493
18493
18494
18497
18503
18503
18509
18516
18519
18525
18529
18534
18536
18538
18545
18551
18551
18554
18561
18563
18569
18569
18571
18583
18584
18585
18588
18589
18590
18593
18595
18596
18598
18600
18604
18610
18613
18613
18614
18616
18618
18621
18625
18627
18629
18630
18631
18631
18633
18634
18636
18643
18655
18655
18661
18664
18664
18666
18667
18675
18677
18677
18677
18682
18683
18684
18686
18697
18700
18703
18703
18706
18706
18709
18715
18717
18718
18718
18720
18721
18724
18725
18727
18738
18740
18752
18759
18759
18760
18762
18762
18764
18769
18771
18771
18775
18775
18787
18792
18795
18796
18805
18805
18805
18809
18810
18811
18815
18819
18822
18826
18827
18827
18828
18829
18833
18835
18838
18840
18842
18846
18847
18848
18848
18849
18849
18863
18864
18866
18882
18884
18886
18887
18895
18899
18902
18908
18913
18913
18913
18915
18916
18920
18938
18938
18938
18939
18944
18955
18962
18964
18965
18972
18976
18981
18983
18985
18990
18990
19002
19019
19022
19023
19026
19029
19035
19039
19039
19044
19046
19047
19050
19056
19056
19058
19066
19066
19067
19072
19074
19077
19078
19080
19084
19093
19093
19094
19095
19095
19096
19097
19097
19098
19103
19104
19105
19109
19109
19124
19127
19127
19129
19131
19135
19140
19140
19141
19149
19149
19149
19150
19154
19154
19160
19161
19168
19172
19175
19176
19178
19184
19195
19198
19199
19199
19202
19203
19205
19206
19207
19212
19215
19217
19217
19220
19221
19224
19232
19245
19251
19252
19254
19264
19269
19271
19275
19278
19280
19281
19285
19285
19289
19290
19291
19293
19295
19297
19298
19312
19323
19326
19331
19337
19351
19355
19359
19362
19368
19372
19373
19380
19381
19387
19396
19397
19397
19402
19406
19410
19412
19413
19413
19418
19420
19424
19426
19435
19435
19438
19443
19445
19447
19448
19451
19455
19459
19460
19463
19463
19464
19466
19467
19468
19472
19473
19480
19481
19483
19484
19485
19489
19490
19490
19491
19501
19511
19512
19514
19522
19529
19530
19531
19533
19537
19539
19539
19550
19551
19552
19552
19553
19555
19557
19567
19569
19570
19582
19587
19593
19595
19601
19601
19602
19606
19606
19606
19611
19615
19616
19618
19623
19628
19629
19631
19634
19635
19645
19647
19647
19649
19652
19654
19654
19659
19659
19661
19662
19662
19663
19664
19670
19670
19677
19679
19679
19682
19683
19685
19688
19688
19689
19691
19692
19695
19695
19695
19696
19712
19713
19714
19714
19717
19718
19724
19724
19725
19728
19735
19736
19737
19748
19750
19751
19752
19753
19761
19763
19764
19769
19770
19771
19773
19774
19778
19779
19781
19782
19785
19785
19786
19787
19790
19792
19793
19797
19801
19801
19808
19810
19812
19814
19814
19821
19842
19851
19854
19854
19861
19864
19869
19874
19877
19882
19885
19891
19898
19900
19904
19911
19913
19914
19917
19919
19923
19924
19926
19932
19946
19946
19947
19948
19949
19951
19952
19958
19959
19968
19969
19973
19974
19974
19975
19978
19979
19981
19982
19984
19984
19984
19989
19989
19991
19997
20002
20003
20012
20016
20017
20022
20027
20031
20036
20037
20042
20042
20043
20050
20050
20057
20061
20065
20065
20066
20067
20070
20072
20073
20078
20083
20083
20084
20084
20089
20093
20101
20106
20113
20114
20116
20117
20122
20123
20124
20128
20130
20132
20134
20135
20135
20136
20142
20145
20149
20157
20158
20159
20165
20169
20169
20170
20170
20173
20178
20183
20183
20183
20183
20183
20187
20189
20189
20191
20192
20193
20194
20199
20202
20204
20216
20217
20220
20224
20228
20229
20236
20237
20238
20253
20259
20267
20267
20268
20270
20272
20274
20278
20278
20279
20280
20284
20288
20289
20297
20307
20308
20311
20311
20318
20320
20321
20323
20328
20333
20333
20333
20335
20337
20339
20340
20340
20342
20353
20353
20356
20359
20363
20366
20373
20373
20380
20381
20381
20383
20386
20391
20392
20394
20401
20403
20411
20415
20416
20416
20418
20420
20421
20432
20433
20444
20448
20449
20452
20454
20456
20456
20460
20461
20463
20463
20463
20465
20474
20474
20476
20476
20479
20481
20488
20489
20493
20502
20509
20513
20514
20523
20523
20526
20528
20531
20537
20538
20540
20542
20543
20547
20552
20556
20556
20561
20565
20566
20570
20575
20576
20577
20577
20580
20583
20584
20594
20595
20598
20600
20604
20609
20609
20615
20618
20620
20620
20631
20633
20640
20641
20643
20643
20643
20645
20646
20648
20648
20652
20654
20656
20663
20664
20666
20666
20666
20666
20667
20671
20673
20675
20686
20695
20700
20703
20710
20714
20718
20722
20723
20727
20727
20731
20734
20735
20736
20736
20741
20747
20759
20760
20760
20769
20770
20770
20778
20778
20781
20784
20785
20790
20795
20799
20799
20800
20801
20802
20803
20805
20805
20807
20809
20826
20829
20830
20834
20838
20840
20840
20842
20848
20851
20851
20855
20864
20877
20877
20879
20880
20889
20892
20893
20895
20896
20899
20900
20903
20912
20917
20920
20920
20925
20925
20939
20943
20944
20944
20944
20949
20955
20967
20967
20967
20968
20972
20975
20978
20979
20979
20987
20989
20990
20997
20998
21001
21002
21005
21006
21011
21011
21013
21016
21019
21025
21026
21027
21028
21028
21028
21033
21033
21044
21047
21047
21051
21052
21054
21060
21067
21069
21070
21072
21074
21078
21080
21080
21081
21082
21082
21082
21083
21085
21086
21089
21090
21098
21098
21100
21100
21101
21104
21108
21109
21109
21111
21113
21115
21115
21119
21129
21135
21136
21138
21143
21154
21154
21155
21156
21157
21163
21164
21168
21174
21183
21184
21184
21184
21188
21197
21202
21219
21224
21228
21228
21228
21229
21229
21234
21238
21241
21244
21252
21256
21260
21260
21263
21265
21267
21267
21271
21276
21284
21286
21288
21289
21290
21291
21292
21293
21295
21298
21300
21301
21301
21302
21313
21313
21321
21321
21323
21330
21337
21341
21345
21345
21346
21350
21351
21354
21358
21358
21364
21367
21367
21370
21374
21374
21374
21375
21376
21378
21379
21382
21388
21389
21389
21396
21407
21409
21411
21411
21413
21414
21415
21416
21419
21419
21424
21426
21430
21433
21433
21435
21439
21447
21448
21448
21448
21452
21455
21457
21462
21465
21465
21474
21476
21476
21478
21479
21479
21479
21479
21480
21486
21487
21493
21496
21497
21501
21501
21505
21511
21517
21518
21528
21531
21535
21547
21547
21555
21561
21562
21562
21563
21564
21567
21575
21576
21577
21578
21580
21585
21585
21587
21590
21591
21595
21596
21598
21599
21604
21605
21614
21617
21617
21622
21630
21632
21641
21649
21649
21650
21653
21658
21660
21661
21665
21671
21680
21683
21685
21691
21693
21694
21702
21704
21705
21706
21708
21709
21710
21713
21717
21724
21726
21727
21735
21735
21738
21745
21750
21753
21754
21756
21759
21762
21766
21768
21778
21781
21787
21788
21792
21793
21794
21797
21805
21813
21814
21817
21823
21826
21827
21827
21828
21834
21839
21840
21841
21845
21846
21856
21857
21858
21859
21860
21862
21866
21867
21871
21873
21875
21878
21880
21881
21884
21885
21887
21888
21890
21891
21892
21894
21895
21901
21901
21906
21907
21909
21911
21913
21920
21926
21929
21930
21935
21945
21948
21954
21959
21960
21962
21963
21967
21968
21970
21979
21979
21980
21982
21984
21984
21984
21985
21987
21989
21991
22002
22005
22012
22014
22015
22015
22015
22018
22024
22032
22033
22033
22035
22037
22043
22045
22050
22052
22056
22061
22070
22070
22073
22085
22085
22086
22090
22092
22104
22105
22105
22106
22110
22129
22133
22133
22139
22148
22151
22153
22159
22161
22162
22165
22166
22167
22167
22173
22174
22177
22178
22186
22187
22187
22194
22195
22195
22197
22197
22199
22211
22214
22215
22216
22218
22219
22222
22223
22225
22229
22233
22237
22241
22249
22252
22255
22266
22270
22272
22276
22278
22284
22290
22290
22291
22291
22294
22298
22301
22302
22307
22309
22312
22313
22313
22316
22318
22322
22324
22332
22334
22336
22336
22338
22342
22345
22348
22353
22356
22361
22363
22371
22372
22378
22383
22385
22387
22399
22405
22411
22414
22421
22424
22425
22426
22427
22431
22431
22443
22443
22444
22444
22449
22454
22471
22482
22488
22490
22490
22492
22492
22494
22495
22496
22497
22501
22501
22509
22511
22512
22514
22525
22530
22530
22536
22539
22550
22566
22567
22570
22571
22574
22578
22586
22590
22593
22593
22597
22599
22602
22604
22604
22608
22619
22620
22622
22629
22630
22632
22638
22638
22640
22640
22642
22650
22659
22662
22667
22668
22675
22675
22677
22678
22685
22686
22686
22688
22693
22703
22705
22708
22710
22710
22711
22715
22716
22716
22720
22729
22740
22741
22749
22750
22755
22757
22760
22762
22769
22771
22777
22794
22795
22795
22808
22815
22816
22823
22826
22828
22830
22831
22832
22832
22837
22839
22844
22850
22851
22858
22860
22860
22861
22863
22869
22869
22869
22881
22885
22885
22892
22893
22897
22902
22908
22910
22910
22912
22912
22917
22925
22942
22943
22946
22951
22953
22955
22956
22957
22966
22969
22971
22972
22972
22974
22974
22978
22981
22988
22988
22990
22998
22999
23000
23007
23015
23016
23017
23017
23022
23023
23024
23034
23035
23038
23041
23043
23058
23061
23061
23061
23063
23071
23072
23076
23082
23085
23088
23092
23101
23105
23105
23112
23115
23116
23117
23130
23144
23145
23146
23147
23152
23154
23155
23156
23158
23162
23165
23166
23168
23171
23175
23179
23183
23186
23188
23192
23194
23201
23202
23203
23205
23206
23207
23209
23210
23212
23213
23218
23224
23225
23231
23234
23239
23243
23245
23248
23251
23256
23256
23258
23259
23262
23263
23266
23267
23273
23277
23277
23279
23283
23288
23288
23289
23290
23290
23292
23292
23296
23296
23296
23298
23305
23322
23324
23326
23327
23332
23335
23336
23340
23340
23346
23355
23355
23360
23365
23370
23375
23376
23377
23378
23380
23386
23387
23388
23388
23390
23391
23392
23396
23396
23399
23400
23407
23409
23412
23415
23425
23438
23439
23443
23445
23448
23454
23455
23458
23461
23461
23474
23479
23483
23486
23486
23487
23488
23492
23494
23495
23498
23500
23501
23504
23511
23513
23525
23529
23532
23533
23535
23535
23542
23546
23552
23562
23566
23568
23569
23572
23577
23586
23588
23589
23592
23592
23594
23614
23623
23624
23627
23630
23635
23638
23639
23643
23644
23646
23650
23656
23656
23658
23658
23661
23666
23668
23669
23670
23671
23673
23675
23681
23683
23684
23692
23694
23697
23699
23700
23705
23713
23714
23714
23714
23717
23718
23724
23725
23728
23729
23742
23743
23750
23753
23754
23755
23757
23760
23762
23773
23774
23775
23779
23791
23791
23792
23815
23817
23821
23826
23826
23828
23832
23833
23834
23837
23838
23840
23842
23847
23848
23849
23849
23855
23856
23859
23865
23865
23873
23875
23876
23888
23893
23893
23900
23901
23901
23906
23916
23917
23922
23924
23930
23931
23932
23934
23941
23946
23947
23948
23952
23953
23954
23955
23960
23961
23965
23966
23967
23978
23987
23987
23988
23990
23990
23993
23994
24007
24007
24008
24013
24014
24016
24019
24023
24023
24027
24028
24033
24037
24041
24049
24052
24056
24057
24058
24061
24061
24065
24069
24072
24075
24079
24081
24082
24083
24083
24085
24087
24090
24098
24099
24105
24115
24117
24118
24120
24122
24124
24125
24140
24146
24147
24148
24149
24160
24161
24168
24169
24169
24171
24171
24176
24177
24187
24191
24192
24195
24196
24196
24199
24200
24208
24209
24209
24214
24216
24223
24227
24232
24234
24237
24241
24242
24243
24245
24247
24251
24252
24254
24258
24263
24271
24272
24277
24287
24290
24290
24296
24298
24300
24308
24312
24312
24314
24320
24320
24326
24332
24335
24336
24346
24347
24348
24351
24353
24353
24365
24366
24370
24380
24382
24385
24387
24387
24390
24390
24393
24395
24399
24399
24401
24403
24404
24405
24407
24407
24408
24412
24417
24420
24434
24435
24439
24441
24450
24455
24459
24464
24466
24468
24473
24474
24474
24477
24478
24485
24487
24497
24499
24508
24512
24514
24515
24520
24521
24523
24524
24524
24526
24534
24537
24540
24541
24544
24544
24544
24546
24546
24547
24557
24560
24565
24565
24567
24572
24588
24591
24592
24593
24593
24593
24597
24599
24604
24608
24611
24612
24616
24618
24618
24620
24620
24621
24628
24637
24638
24639
24642
24643
24644
24652
24653
24654
24668
24671
24676
24681
24682
24684
24688
24696
24696
24696
24701
24705
24705
24707
24710
24711
24719
24724
24727
24727
24729
24729
24729
24736
24740
24743
24745
24750
24757
24764
24765
24769
24770
24773
24773
24779
24791
24796
24798
24800
24804
24807
24808
24811
24813
24815
24816
24828
24828
24828
24828
24828
24833
24834
24837
24837
24844
24847
24848
24853
24865
24865
24868
24870
24892
24898
24901
24906
24908
24908
24912
24917
24919
24919
24925
24932
24942
24946
24949
24952
24955
24956
24956
24957
24958
24959
24961
24962
24966
24968
24972
24972
24973
24978
24979
24979
24981
24985
24986
24987
24988
24988
24992
24998
24999
25000
25005
25008
25011
25012
25013
25020
25023
25024
25027
25032
25038
25042
25043
25045
25048
25049
25050
25052
25058
25061
25065
25065
25066
25069
25070
25078
25079
25086
25089
25094
25095
25100
25102
25104
25106
25107
25111
25115
25128
25128
25128
25131
25134
25135
25141
25149
25156
25162
25162
25162
25167
25167
25168
25188
25188
25190
25191
25191
25197
25198
25199
25205
25210
25215
25219
25230
25233
25236
25239
25248
25249
25253
25254
25260
25264
25269
25270
25283
25286
25290
25293
25296
25302
25303
25304
25304
25306
25311
25314
25315
25316
25316
25316
25318
25318
25321
25328
25329
25331
25331
25333
25342
25343
25352
25358
25358
25361
25361
25367
25369
25374
25380
25383
25385
25386
25387
25390
25391
25391
25395
25395
25402
25402
25403
25411
25412
25412
25419
25421
25422
25428
25429
25434
25436
25441
25442
25443
25445
25449
25452
25452
25453
25455
25455
25456
25458
25465
25471
25472
25476
25491
25496
25502
25502
25516
25518
25519
25521
25522
25524
25529
25530
25532
25535
25536
25541
25544
25547
25547
25560
25561
25563
25565
25566
25569
25570
25573
25575
25584
25587
25589
25589
25594
25598
25599
25603
25605
25605
25606
25608
25610
25615
25616
25619
25624
25628
25631
25631
25632
25633
25636
25639
25643
25645
25646
25651
25656
25656
25656
25668
25673
25674
25678
25679
25679
25680
25682
25684
25686
25687
25690
25697
25705
25706
25709
25710
25713
25722
25726
25739
25739
25750
25756
25756
25759
25760
25770
25774
25776
25780
25783
25785
25789
25790
25790
25791
25791
25794
25805
25807
25808
25809
25810
25812
25812
25813
25815
25816
25820
25822
25827
25828
25834
25836
25836
25836
25838
25841
25846
25847
25851
25852
25858
25858
25860
25867
25867
25868
25880
25889
25893
25896
25896
25897
25899
25903
25917
25922
25923
25924
25926
25928
25932
25936
25940
25949
25949
25956
25960
25960
25967
25970
25974
25976
25978
25981
25988
25993
25994
26009
26010
26017
26018
26020
26021
26023
26029
26031
26031
26032
26034
26040
26048
26052
26053
26053
26059
26063
26067
26068
26072
26074
26079
26099
26099
26099
26101
26102
26103
26107
26112
26114
26114
26115
26119
26122
26124
26124
26126
26126
26128
26130
26133
26134
26140
26141
26141
26150
26152
26160
26160
26162
26176
26177
26182
26194
26197
26199
26200
26200
26201
26203
26206
26216
26217
26218
26222
26222
26224
26226
26226
26231
26245
26248
26250
26253
26255
26260
26260
26260
26268
26269
26269
26271
26281
26288
26291
26297
26312
26320
26321
26324
26333
26343
26343
26346
26350
26358
26358
26359
26363
26363
26364
26385
26385
26386
26392
26393
26393
26394
26395
26396
26411
26412
26415
26419
26424
26425
26429
26429
26431
26434
26435
26437
26439
26443
26444
26452
26458
26459
26467
26468
26471
26484
26489
26489
26495
26509
26512
26517
26518
26525
26528
26535
26539
26542
26545
26548
26549
26555
26559
26565
26569
26573
26578
26584
26587
26588
26598
26602
26605
26610
26610
26611
26612
26613
26615
26617
26623
26624
26632
26632
26633
26634
26637
26641
26645
26653
26658
26658
26658
26660
26664
26673
26685
26692
26700
26701
26705
26705
26706
26720
26721
26727
26728
26737
26742
26746
26747
26754
26756
26756
26758
26758
26781
26781
26781
26784
26784
26787
26790
26792
26792
26793
26798
26803
26804
26806
26806
26807
26811
26814
26814
26819
26821
26824
26826
26830
26830
26833
26835
26835
26841
26841
26842
26843
26843
26847
26850
26850
26854
26857
26859
26861
26862
26865
26865
26866
26867
26872
26874
26880
26886
26887
26890
26896
26897
26897
26900
26905
26912
26913
26913
26914
26919
26919
26919
26921
26925
26927
26927
26928
26930
26934
26943
26946
26946
26947
26948
26949
26955
26956
26958
26966
26974
26979
26979
26980
26982
26984
26984
26994
26999
27000
27005
27005
27006
27007
27008
27027
27032
27035
27037
27037
27038
27038
27043
27045
27048
27053
27064
27065
27065
27073
27077
27079
27080
27085
27085
27085
27089
27091
27091
27094
27098
27098
27101
27103
27109
27110
27116
27117
27119
27123
27123
27124
27124
27137
27141
27147
27148
27149
27151
27161
27165
27168
27170
27171
27182
27182
27184
27189
27195
27196
27198
27200
27201
27205
27212
27213
27216
27217
27219
27222
27224
27225
27236
27238
27251
27252
27254
27255
27256
27261
27263
27264
27272
27273
27277
27283
27285
27290
27293
27294
27296
27296
27297
27302
27311
27318
27321
27323
27327
27327
27330
27338
27352
27357
27358
27358
27362
27365
27366
27368
27370
27371
27372
27376
27388
27390
27393
27395
27395
27396
27397
27401
27401
27415
27416
27422
27427
27430
27432
27437
27440
27441
27442
27443
27444
27445
27446
27449
27450
27451
27465
27478
27479
27479
27491
27500
27502
27504
27505
27512
27518
27523
27530
27531
27532
27536
27541
27544
27550
27553
27557
27559
27560
27576
27577
27577
27577
27578
27579
27580
27583
27587
27587
27587
27590
27594
27596
27602
27602
27602
27606
27607
27609
27610
27616
27617
27621
27625
27626
27626
27629
27632
27633
27633
27649
27649
27649
27651
27656
27660
27663
27666
27666
27667
27669
27670
27671
27680
27684
27689
27692
27700
27703
27705
27707
27711
27711
27714
27719
27725
27725
27725
27730
27732
27734
27740
27743
27743
27745
27753
27754
27759
27760
27761
27767
27769
27770
27778
27781
27782
27791
27792
27795
27796
27797
27799
27799
27804
27807
27809
27818
27818
27822
27823
27824
27825
27829
27829
27831
27834
27837
27840
27841
27842
27843
27844
27873
27876
27879
27879
27883
27892
27892
27896
27901
27909
27918
27928
27930
27931
27932
27934
27936
27936
27940
27944
27953
27954
27955
27956
27958
27959
27964
27967
27972
27975
27981
27982
27986
27988
27993
27994
27995
27996
27999
28008
28015
28021
28023
28026
28029
28041
28042
28044
28047
28048
28049
28050
28051
28052
28053
28054
28061
28066
28074
28074
28074
28074
28082
28084
28086
28091
28094
28099
28099
28101
28102
28102
28103
28116
28118
28119
28125
28128
28130
28134
28134
28135
28137
28141
28148
28149
28162
28164
28166
28168
28180
28182
28184
28187
28192
28196
28197
28208
28210
28211
28212
28213
28213
28220
28221
28221
28222
28223
28223
28223
28223
28224
28227
28230
28233
28233
28235
28237
28240
28245
28246
28251
28251
28252
28255
28262
28262
28264
28264
28274
28275
28277
28286
28287
28290
28290
28295
28297
28299
28300
28301
28301
28304
28306
28313
28315
28316
28317
28318
28325
28343
28343
28348
28350
28350
28356
28364
28366
28366
28368
28382
28391
28392
28392
28393
28396
28396
28400
28402
28406
28410
28411
28414
28419
28422
28428
28432
28433
28440
28441
28442
28445
28446
28448
28449
28451
28454
28458
28458
28463
28465
28469
28469
28470
28487
28488
28498
28499
28501
28504
28505
28510
28522
28522
28527
28531
28532
28532
28536
28537
28540
28540
28541
28548
28564
28568
28569
28577
28580
28583
28583
28584
28592
28592
28592
28595
28596
28599
28599
28599
28601
28603
28603
28607
28608
28611
28614
28621
28621
28621
28622
28627
28630
28630
28633
28638
28639
28641
28642
28646
28646
28647
28649
28652
28655
28658
28664
28664
28672
28680
28681
28687
28698
28703
28703
28710
28717
28717
28728
28731
28733
28735
28736
28738
28742
28745
28747
28751
28752
28752
28759
28761
28761
28765
28768
28770
28773
28781
28782
28785
28786
28786
28786
28791
28791
28793
28796
28798
28801
28803
28804
28814
28815
28816
28818
28819
28822
28825
28826
28827
28827
28834
28835
28838
28841
28842
28847
28849
28854
28856
28862
28864
28870
28873
28878
28884
28885
28888
28888
28889
28892
28899
28900
28900
28901
28908
28914
28942
28943
28945
28946
28947
28953
28956
28959
28960
28962
28963
28965
28965
28965
28969
28970
28978
28981
28982
28983
28995
29001
29003
29007
29007
29007
29009
29011
29017
29018
29022
29023
29027
29029
29033
29040
29042
29045
29052
29053
29055
29059
29063
29065
29071
29073
29074
29075
29081
29081
29082
29086
29087
29091
29102
29102
29105
29108
29115
29116
29122
29126
29130
29130
29132
29144
29145
29146
29151
29153
29156
29157
29171
29173
29174
29182
29193
29197
29201
29204
29204
29204
29213
29218
29221
29221
29229
29235
29235
29235
29236
29240
29246
29247
29249
29250
29253
29256
29260
29260
29264
29271
29271
29276
29276
29284
29285
29299
29301
29309
29311
29313
29313
29317
29323
29331
29334
29338
29343
29348
29352
29355
29356
29361
29368
29372
29382
29383
29384
29390
29397
29400
29402
29407
29408
29409
29411
29414
29421
29426
29427
29429
29440
29443
29444
29445
29447
29448
29465
29467
29472
29478
29482
29483
29486
29492
29494
29499
29503
29511
29515
29521
29523
29523
29527
29539
29542
29546
29551
29551
29554
29555
29556
29556
29556
29557
29559
29560
29561
29562
29566
29569
29569
29571
29578
29591
29591
29598
29608
29610
29613
29614
29616
29617
29621
29644
29646
29647
29648
29655
29656
29662
29665
29666
29668
29669
29672
29674
29676
29678
29681
29681
29686
29688
29696
29698
29700
29703
29707
29710
29714
29719
29720
29721
29723
29726
29728
29731
29733
29738
29740
29741
29743
29744
29745
29749
29753
29755
29756
29758
29761
29766
29766
29767
29768
29768
29772
29777
29788
29789
29795
29801
29807
29813
29814
29831
29831
29832
29833
29846
29849
29854
29855
29857
29859
29863
29866
29869
29876
29877
29881
29881
29891
29897
29899
29905
29907
29909
29910
29915
29915
29916
29920
29926
29929
29934
29935
29938
29942
29942
29947
29955
29958
29959
29962
29967
29968
29975
29977
29979
29981
29986
29993
29994
29995
30000
30012
30012
30014
30020
30028
30031
30032
30033
30037
30038
30041
30041
30044
30047
30048
30049
30053
30057
30057
30059
30062
30066
30074
30076
30079
30080
30080
30088
30088
30095
30096
30098
30101
30101
30102
30102
30103
30104
30106
30109
30111
30118
30118
30119
30120
30121
30124
30125
30127
30129
30132
30134
30137
30144
30148
30148
30149
30160
30168
30168
30169
30174
30175
30180
30180
30183
30185
30189
30195
30195
30203
30209
30211
30219
30221
30226
30227
30231
30231
30238
30241
30242
30245
30254
30257
30259
30260
30261
30265
30268
30270
30270
30270
30271
30283
30284
30285
30290
30293
30298
30299
30300
30301
30301
30308
30309
30313
30316
30318
30320
30323
30323
30335
30336
30337
30338
30339
30345
30350
30354
30369
30370
30372
30382
30383
30386
30388
30389
30393
30393
30395
30396
30397
30402
30406
30412
30422
30424
30432
30432
30432
30433
30435
30437
30439
30439
30442
30444
30444
30448
30466
30470
30470
30472
30475
30476
30478
30479
30487
30497
30497
30498
30498
30498
30499
30502
30503
30503
30506
30509
30510
30511
30518
30519
30522
30524
30524
30525
30528
30533
30538
30538
30540
30542
30548
30554
30555
30556
30556
30562
30565
30567
30568
30571
30573
30574
30578
30580
30580
30581
30582
30583
30584
30585
30586
30588
30589
30591
30600
30614
30623
30624
30628
30628
30630
30633
30634
30642
30643
30648
30649
30650
30654
30664
30665
30665
30666
30667
30668
30672
30682
30693
30702
30703
30708
30709
30712
30713
30714
30716
30716
30721
30731
30732
30736
30739
30742
30744
30750
30752
30753
30759
30774
30775
30783
30786
30787
30792
30792
30794
30803
30804
30806
30807
30808
30811
30813
30815
30816
30825
30833
30836
30837
30837
30838
30843
30845
30856
30856
30858
30862
30867
30870
30873
30873
30875
30876
30876
30880
30881
30883
30883
30883
30884
30884
30885
30905
30906
30906
30906
30910
30916
30921
30921
30929
30929
30931
30935
30935
30942
30943
30946
30947
30951
30953
30954
30959
30960
30961
30963
30971
30971
30973
30974
30977
30979
30982
30990
30990
30991
30992
30997
30997
30999
31000
31004
31008
31015
31020
31022
31032
31033
31034
31036
31041
31042
31051
31056
31057
31063
31065
31065
31065
31066
31068
31071
31074
31077
31088
31089
31092
31094
31098
31098
31099
31102
31103
31111
31114
31119
31121
31122
31126
31127
31139
31142
31146
31148
31149
31151
31153
31155
31155
31159
31163
31165
31168
31172
31173
31175
31180
31184
31197
31199
31202
31203
31210
31215
31219
31219
31221
31226
31228
31230
31238
31244
31245
31248
31250
31251
31256
31258
31260
31261
31262
31265
31269
31270
31274
31274
31274
31276
31283
31302
31306
31310
31310
31311
31313
31314
31321
31330
31339
31342
31347
31348
31349
31351
31357
31365
31371
31371
31375
31376
31391
31395
31413
31417
31417
31426
31429
31441
31443
31447
31450
31453
31458
31461
31463
31464
31467
31468
31476
31478
31480
31490
31491
31493
31493
31495
31496
31497
31499
31502
31503
31504
31505
31506
31516
31520
31522
31523
31531
31539
31539
31540
31543
31544
31547
31550
31552
31559
31561
31565
31570
31571
31577
31579
31584
31585
31587
31588
31591
31593
31594
31597
31597
31597
31598
31599
31600
31601
31604
31613
31620
31620
31620
31622
31622
31623
31623
31626
31629
31633
31634
31635
31641
31641
31641
31643
31647
31654
31655
31657
31665
31665
31667
31668
31672
31673
31676
31680
31684
31686
31687
31688
31690
31695
31696
31699
31708
31716
31717
31718
31719
31720
31723
31724
31728
31731
31736
31741
31744
31744
31748
31750
31754
31754
31758
31768
31774
31782
31785
31786
31786
31788
31794
31796
31805
31807
31807
31809
31810
31812
31824
31825
31826
31831
31833
31843
31844
31851
31857
31863
31864
31870
31880
31884
31888
31896
31901
31907
31908
31911
31913
31918
31918
31920
31920
31923
31930
31934
31935
31942
31947
31958
31975
31981
31982
31987
31988
31990
31993
31999
32000
32014
32018
32019
32020
32029
32036
32037
32042
32046
32046
32048
32048
32048
32050
32050
32051
32053
32057
32058
32060
32071
32072
32074
32075
32076
32080
32080
32091
32093
32094
32097
32100
32106
32108
32112
32113
32119
32120
32122
32125
32128
32133
32134
32136
32138
32140
32143
32143
32145
32145
32145
32146
32151
32152
32169
32171
32172
32173
32174
32174
32176
32177
32179
32179
32182
32182
32184
32184
32189
32190
32195
32196
32197
32200
32203
32207
32209
32210
32212
32224
32226
32235
32237
32240
32252
32252
32255
32261
32262
32268
32270
32271
32271
32277
32295
32297
32301
32302
32304
32306
32313
32315
32322
32327
32331
32340
32341
32341
32350
32353
32358
32361
32362
32364
32364
32371
32372
32380
32382
32389
32389
32403
32405
32407
32407
32418
32420
32425
32425
32432
32444
32464
32468
32469
32471
32471
32476
32482
32482
32485
32487
32487
32488
32490
32499
32501
32503
32505
32505
32506
32510
32514
32514
32517
32521
32523
32524
32525
32528
32528
32530
32532
32533
32537
32537
32544
32544
32555
32557
32569
32570
32579
32581
32581
32584
32588
32589
32592
32599
32606
32606
32607
32610
32611
32612
32618
32621
32621
32624
32627
32628
32629
32629
32632
32632
32633
32643
32647
32651
32652
32652
32655
32657
32659
32661
32662
32663
32666
32667
32668
32670
32671
32676
32677
32677
32679
32683
32684
32686
32692
32692
32701
32702
32702
32703
32705
32706
32707
32707
32715
32718
32719
32719
32724
32729
32735
32736
32737
32749
32756
32759
32759
32764
32764
32765
3723
