1000
17609
17608
17607
17606
17605
17604
17603
17602
17601
17600
17599
17598
17597
17596
17595
17594
17593
17592
17591
17590
17589
17588
17587
17586
17585
17584
17583
17582
17581
17580
17579
17578
17577
17576
17575
17574
17573
17572
17571
17570
17569
17568
17567
17566
17565
17564
17563
17562
17561
17560
17559
17558
17557
17556
17555
17554
17553
17552
17551
17550
17549
17548
17547
17546
17545
17544
17543
17542
17541
17540
17539
17538
17537
17536
17535
17534
17533
17532
17531
17530
17529
17528
17527
17526
17525
17524
17523
17522
17521
17520
17519
17518
17517
17516
17515
17514
17513
17512
17511
17510
17509
17508
17507
17506
17505
17504
17503
17502
17501
17500
17499
17498
17497
17496
17495
17494
17493
17492
17491
17490
17489
17488
17487
17486
17485
17484
17483
17482
17481
17480
17479
17478
17477
17476
17475
17474
17473
17472
17471
17470
17469
17468
17467
17466
17465
17464
17463
17462
17461
17460
17459
17458
17457
17456
17455
17454
17453
17452
17451
17450
17449
17448
17447
17446
17445
17444
17443
17442
17441
17440
17439
17438
17437
17436
17435
17434
17433
17432
17431
17430
17429
17428
17427
17426
17425
17424
17423
17422
17421
17420
17419
17418
17417
17416
17415
17414
17413
17412
17411
17410
17409
17408
17407
17406
17405
17404
17403
17402
17401
17400
17399
17398
17397
17396
17395
17394
17393
17392
17391
17390
17389
17388
17387
17386
17385
17384
17383
17382
17381
17380
17379
17378
17377
17376
17375
17374
17373
17372
17371
17370
17369
17368
17367
17366
17365
17364
17363
17362
17361
17360
17359
17358
17357
17356
17355
17354
17353
17352
17351
17350
17349
17348
17347
17346
17345
17344
17343
17342
17341
17340
17339
17338
17337
17336
17335
17334
17333
17332
17331
17330
17329
17328
17327
17326
17325
17324
17323
17322
17321
17320
17319
17318
17317
17316
17315
17314
17313
17312
17311
17310
17309
17308
17307
17306
17305
17304
17303
17302
17301
17300
17299
17298
17297
17296
17295
17294
17293
17292
17291
17290
17289
17288
17287
17286
17285
17284
17283
17282
17281
17280
17279
17278
17277
17276
17275
17274
17273
17272
17271
17270
17269
17268
17267
17266
17265
17264
17263
17262
17261
17260
17259
17258
17257
17256
17255
17254
17253
17252
17251
17250
17249
17248
17247
17246
17245
17244
17243
17242
17241
17240
17239
17238
17237
17236
17235
17234
17233
17232
17231
17230
17229
17228
17227
17226
17225
17224
17223
17222
17221
17220
17219
17218
17217
17216
17215
17214
17213
17212
17211
17210
17209
17208
17207
17206
17205
17204
17203
17202
17201
17200
17199
17198
17197
17196
17195
17194
17193
17192
17191
17190
17189
17188
17187
17186
17185
17184
17183
17182
17181
17180
17179
17178
17177
17176
17175
17174
17173
17172
17171
17170
17169
17168
17167
17166
17165
17164
17163
17162
17161
17160
17159
17158
17157
17156
17155
17154
17153
17152
17151
17150
17149
17148
17147
17146
17145
17144
17143
17142
17141
17140
17139
17138
17137
17136
17135
17134
17133
17132
17131
17130
17129
17128
17127
17126
17125
17124
17123
17122
17121
17120
17119
17118
17117
17116
17115
17114
17113
17112
17111
17110
17109
17108
17107
17106
17105
17104
17103
17102
17101
17100
17099
17098
17097
17096
17095
17094
17093
17092
17091
17090
17089
17088
17087
17086
17085
17084
17083
17082
17081
17080
17079
17078
17077
17076
17075
17074
17073
17072
17071
17070
17069
17068
17067
17066
17065
17064
17063
17062
17061
17060
17059
17058
17057
17056
17055
17054
17053
17052
17051
17050
17049
17048
17047
17046
17045
17044
17043
17042
17041
17040
17039
17038
17037
17036
17035
17034
17033
17032
17031
17030
17029
17028
17027
17026
17025
17024
17023
17022
17021
17020
17019
17018
17017
17016
17015
17014
17013
17012
17011
17010
17009
17008
17007
17006
17005
17004
17003
17002
17001
17000
16999
16998
16997
16996
16995
16994
16993
16992
16991
16990
16989
16988
16987
16986
16985
16984
16983
16982
16981
16980
16979
16978
16977
16976
16975
16974
16973
16972
16971
16970
16969
16968
16967
16966
16965
16964
16963
16962
16961
16960
16959
16958
16957
16956
16955
16954
16953
16952
16951
16950
16949
16948
16947
16946
16945
16944
16943
16942
16941
16940
16939
16938
16937
16936
16935
16934
16933
16932
16931
16930
16929
16928
16927
16926
16925
16924
16923
16922
16921
16920
16919
16918
16917
16916
16915
16914
16913
16912
16911
16910
16909
16908
16907
16906
16905
16904
16903
16902
16901
16900
16899
16898
16897
16896
16895
16894
16893
16892
16891
16890
16889
16888
16887
16886
16885
16884
16883
16882
16881
16880
16879
16878
16877
16876
16875
16874
16873
16872
16871
16870
16869
16868
16867
16866
16865
16864
16863
16862
16861
16860
16859
16858
16857
16856
16855
16854
16853
16852
16851
16850
16849
16848
16847
16846
16845
16844
16843
16842
16841
16840
16839
16838
16837
16836
16835
16834
16833
16832
16831
16830
16829
16828
16827
16826
16825
16824
16823
16822
16821
16820
16819
16818
16817
16816
16815
16814
16813
16812
16811
16810
16809
16808
16807
16806
16805
16804
16803
16802
16801
16800
16799
16798
16797
16796
16795
16794
16793
16792
16791
16790
16789
16788
16787
16786
16785
16784
16783
16782
16781
16780
16779
16778
16777
16776
16775
16774
16773
16772
16771
16770
16769
16768
16767
16766
16765
16764
16763
16762
16761
16760
16759
16758
16757
16756
16755
16754
16753
16752
16751
16750
16749
16748
16747
16746
16745
16744
16743
16742
16741
16740
16739
16738
16737
16736
16735
16734
16733
16732
16731
16730
16729
16728
16727
16726
16725
16724
16723
16722
16721
16720
16719
16718
16717
16716
16715
16714
16713
16712
16711
16710
16709
16708
16707
16706
16705
16704
16703
16702
16701
16700
16699
16698
16697
16696
16695
16694
16693
16692
16691
16690
16689
16688
16687
16686
16685
16684
16683
16682
16681
16680
16679
16678
16677
16676
16675
16674
16673
16672
16671
16670
16669
16668
16667
16666
16665
16664
16663
16662
16661
16660
16659
16658
16657
16656
16655
16654
16653
16652
16651
16650
16649
16648
16647
16646
16645
16644
16643
16642
16641
16640
16639
16638
16637
16636
16635
16634
16633
16632
16631
16630
16629
16628
16627
16626
16625
16624
16623
16622
16621
16620
16619
16618
16617
16616
16615
16614
16613
16612
16611
16610
