1000
66
71
102
111
124
203
213
216
337
396
462
471
476
636
806
829
844
883
886
905
921
945
964
978
1035
1076
1106
1108
1114
1160
1206
1212
1392
1414
1422
1457
1560
1573
1605
1648
1659
1663
1690
1693
1693
1710
1743
1800
1808
1828
1833
1868
1946
1981
2004
2045
2104
2106
2130
2250
2260
2263
2353
2389
2408
2430
2512
2553
2558
2563
2568
2590
2599
2652
2715
2763
2783
2815
2816
2937
2962
2989
3055
3132
3170
3196
3203
3211
3282
3302
3312
3384
3429
3475
3499
3581
3638
3672
3738
3868
3874
3898
3906
3942
3947
3980
3994
3999
4022
4060
4067
4122
4123
4172
4279
4335
4356
4363
4396
4415
4420
4460
4539
4649
4691
4694
4719
4754
4756
4776
4841
4847
4877
4899
4900
4975
5104
5106
5107
5171
5172
5193
5199
5211
5280
5308
5328
5332
5434
5489
5502
5535
5589
5651
5689
5691
5713
5724
5793
5807
5897
5909
5909
5932
5938
5956
5991
6077
6126
6137
6176
6176
6198
6228
6246
6248
6267
6375
6390
6507
6542
6582
6663
6664
6696
6712
6731
6734
6736
6785
6828
6841
6843
6901
6904
7000
7104
7153
7165
7173
7177
7269
7272
7317
7433
7476
7483
7538
7602
7602
7621
7625
7629
7643
7650
7653
7734
7742
7749
7790
7805
7829
7871
7886
7911
7914
7921
7982
7991
7995
8013
8035
8036
8069
8092
8107
8107
8134
8159
8182
8196
8237
8246
8263
8361
8405
8430
8463
8515
8549
8563
8585
8595
8622
8649
8668
8791
8809
8878
8900
8924
8986
9027
9040
9093
9112
9130
9142
9160
9179
9184
9191
9206
9220
9252
9254
9304
9313
9335
9346
9441
9477
9488
9491
9512
9519
9588
9620
9660
9697
9713
9778
9809
9813
9828
9841
9910
9933
9940
9940
9951
9963
10010
10056
10102
10131
10147
10155
10170
10218
10319
10323
10366
10416
10426
10449
10460
10525
10526
10597
10614
10700
10797
10867
10923
10969
10981
11095
11120
11154
11197
11214
11253
11262
11331
11341
11391
11393
11409
11441
11456
11491
11496
11497
11505
11510
11515
11614
11671
11725
11734
11763
11769
11790
11885
11914
11931
11989
11990
12189
12246
12246
12267
12333
12376
12412
12421
12503
12507
12541
12565
12572
12645
12660
12689
12741
12747
12775
12785
12796
12804
12808
12823
12840
12850
12881
12956
13001
13046
13060
13072
13086
13105
13115
13121
13139
13180
13206
13209
13280
13285
13291
13360
13396
13479
13481
13525
13535
13546
13556
13582
13604
13613
13652
13675
13702
13769
13769
13823
13867
13906
13927
13964
13984
14000
14012
14038
14277
14309
14328
14365
14485
14543
14553
14566
14635
14667
14740
14761
14838
14941
14987
15014
15031
15205
15313
15337
15366
15383
15423
15430
15475
15481
15507
15566
15589
15590
15771
15778
15784
15810
15851
15880
15981
15998
16050
16124
16128
16195
16237
16241
16254
16265
16270
16273
16297
16299
16461
16483
16585
16625
16658
16675
16691
16704
16741
16763
16814
16822
16858
16950
17021
17028
17044
17055
17114
17201
17203
17227
17232
17239
17257
17266
17331
17445
17513
17519
17546
17548
17564
17598
17608
17694
17699
17702
17714
17752
17784
17786
17809
17886
17891
17899
17922
18006
18036
18074
18126
18155
18178
18209
18216
18244
18272
18323
18343
18397
18428
18462
18486
18518
18528
18546
18576
18588
18614
18624
18656
18664
18679
18689
18729
18829
18838
18848
18957
19050
19089
19119
19139
19178
19183
19235
19244
19338
19353
19366
19368
19369
19408
19451
19460
19476
19494
19535
19567
19586
19591
19596
19600
19678
19686
19692
19772
19775
19799
19835
19934
19934
19963
19966
20013
20013
20076
20104
20123
20188
20200
20213
20229
20233
20300
20361
20437
20449
20463
20487
20526
20563
20572
20581
20590
20594
20660
20663
20784
20811
20813
20883
20891
20900
21070
21082
21096
21125
21156
21204
21234
21287
21291
21336
21357
21401
21402
21472
21512
21563
21578
21600
21734
21746
21751
21762
21787
21809
21883
21910
21979
22002
22058
22064
22131
22131
22164
22179
22188
22202
22257
22259
22259
22371
22389
22410
22426
22428
22436
22443
22450
22469
22496
22599
22664
22664
22681
22710
22763
22764
22768
22794
22823
22843
22847
22851
22945
23083
23141
23220
23287
23300
23383
23463
23488
23528
23530
23595
23679
23690
23697
23698
23716
23744
23776
23808
23866
23890
23917
23979
24029
24036
24076
24117
24200
24215
24288
24290
24332
24352
24404
24467
24485
24599
24616
24655
24708
24764
24771
24774
24793
24834
24870
24935
24961
25011
25077
25113
25135
25142
25179
25189
25258
25264
25287
25294
25315
25354
25385
25466
25539
25563
25589
25635
25695
25716
25734
25782
25830
25844
25860
25867
25884
25886
25917
25924
25934
25968
25989
26017
26019
26029
26031
26053
26061
26062
26070
26076
26117
26278
26293
26301
26315
26323
26377
26438
26479
26499
26504
26561
26584
26620
26658
26659
26691
26718
26773
26778
26838
26868
26873
26887
26899
26940
26958
26965
27029
27062
27090
27149
27162
27173
27176
27177
27224
27232
27234
27268
27282
27322
27388
27392
27394
27408
27437
27480
27491
27495
27514
27539
27598
27612
27631
27685
27687
27720
27723
27774
27819
27825
27836
27855
27855
27856
27860
27866
27871
27901
27978
27981
27986
27987
27989
28033
28072
28119
28124
28134
28209
28217
28231
28236
28282
28287
28294
28335
28344
28370
28395
28399
28438
28444
28475
28485
28518
28635
28677
28684
28719
28726
28731
28733
28735
28742
28823
28844
28858
28861
28863
28882
28906
28936
28977
29000
29038
29039
29070
29080
29083
29088
29089
29114
29149
29154
29249
29290
29293
29307
29385
29405
29422
29439
29444
29482
29490
29508
29584
29617
29727
29769
29798
29843
29883
29914
29930
29994
30012
30047
30096
30116
30144
30155
30199
30203
30254
30273
30273
30281
30291
30325
30370
30429
30435
30456
30473
30495
30541
30584
30816
30949
30967
31038
31050
31232
31348
31378
31399
31452
31505
31537
31573
31611
31687
31725
31729
31733
31734
31742
31753
31759
31806
31809
31825
31827
31843
31854
31899
31940
32071
32093
32094
32094
32112
32115
32120
32126
32169
32191
32218
32298
32324
32340
32359
32400
32439
32462
32466
32511
32548
32624
32636
32715
32744
