100
19
301
455
837
977
1066
1288
2381
2796
2986
3060
3313
3570
4021
4349
5045
6849
7418
7942
8092
8243
8507
8522
8579
8611
8714
9132
9282
9485
9581
9632
10109
11191
11351
11456
11735
11790
12172
12785
13197
13594
13815
14246
15398
15627
15817
16160
16407
16897
16994
17083
17604
18009
18544
18610
19498
19802
20321
20394
20768
20772
21099
21593
21697
21749
22278
22499
22505
22737
22814
24565
25030
25345
25469
25497
26340
26483
26811
27231
27317
27422
27575
28719
28910
29223
29575
29622
30349
30438
30578
30837
30854
30928
30943
31587
31779
31935
32200
32427
32603
