1000
30429
3906
18679
12376
9512
19600
28858
29000
13291
15566
5807
13984
27774
28287
3994
16675
3947
22426
4841
24215
5932
7483
13206
3868
6198
921
24655
5308
25142
6712
11989
8515
18074
30816
30370
5713
10323
7629
32462
2989
14553
19368
17203
4060
1648
27062
5328
22259
16299
19408
6507
19369
20526
27539
28282
14000
15031
27224
29508
28742
21600
28518
32324
20487
17694
13927
462
20229
29070
25113
25589
4122
12785
26438
3499
17021
31348
9206
29994
4756
22710
30435
10131
7433
27268
27437
5589
6176
12775
19535
10449
10056
27232
13906
24764
3312
17266
30273
964
11931
9313
20188
8182
7991
23866
30096
25695
9130
26899
23463
5489
26031
9620
6077
8361
18656
9142
883
4975
5651
30155
24935
31038
28906
7871
8035
25860
19366
1693
2260
10700
19772
6228
32126
1690
23979
27836
111
18838
19596
9940
13105
11885
17899
25934
4420
31733
2389
27981
32715
9488
5938
29293
1414
28882
18518
8196
16128
28134
978
18343
25354
13613
1808
22768
27495
16297
29727
1663
13769
21402
6731
15423
12541
19686
11505
19178
27234
17598
23697
27856
3999
23679
1573
2004
14485
12246
27825
20663
3475
12840
12572
13209
7625
31537
31806
9660
31232
18155
3898
17548
26504
11441
11790
26076
16241
20900
6248
32115
19966
6734
1212
31687
18006
8069
20883
2568
7805
27282
24870
18272
26499
15507
21291
27514
30203
25886
4335
29249
28335
27687
24485
13546
2962
4900
27901
5172
11510
29038
2553
6126
2815
12267
2045
10170
7000
10218
27685
16658
32548
26958
27866
20104
3384
27631
28072
1106
19591
28733
27978
26117
29405
21287
6663
22945
15313
22843
66
27598
11253
13582
1868
10597
5199
19678
12412
12850
27149
886
19586
26873
18036
2130
6904
25782
8986
29444
2106
1833
9813
11734
32120
23698
5107
29617
30473
10426
13867
25917
21762
17714
21204
31050
6664
13535
213
19567
3170
4279
29149
5104
27986
12741
1108
14309
15014
15475
12689
22681
11914
28936
11341
17201
29088
25968
17239
6542
13139
3132
23690
12660
7272
11497
7165
28395
20437
12645
2937
7653
28119
27855
22064
3874
19775
16254
27819
31825
24332
15430
9477
30584
28735
13046
11095
27029
15851
17445
22131
25734
3980
25135
13525
19494
19353
25466
26070
6841
14941
2558
4899
17546
27394
9220
7790
32466
28399
10797
22371
28124
24404
32439
19934
32359
24834
12796
5211
28236
6785
28731
1710
18528
20572
31899
26868
22428
7104
23917
29385
21883
28485
7602
6843
22436
24076
18397
13823
16585
22794
32218
16483
14543
22179
21070
24708
28719
6267
18209
31809
12956
905
5434
29039
3302
15981
8585
18126
2590
2563
17227
26940
19451
2104
16265
18729
636
25884
7650
27723
1743
5689
14987
18323
7538
9252
14740
30047
9112
12881
16237
7153
11214
14635
4776
6176
19934
9828
2816
16461
11763
22410
29083
21401
32511
8924
13964
26965
1114
25179
8092
29883
22188
13604
21578
12507
28684
27388
27408
2263
17257
20013
23528
20563
25385
16273
31759
24616
31505
22764
26377
27480
8549
2430
30949
8263
17232
24793
15810
27176
12421
31729
31378
26293
2599
18546
13086
25635
6375
4694
20811
31573
20076
4022
20891
6736
30199
24288
6390
4847
22599
10923
22443
471
22202
26887
7602
8622
16822
26584
1076
24200
28231
7173
4172
15778
20233
26315
13072
27987
5193
17752
2763
4415
5991
7829
18829
7886
5502
9027
25830
24029
32071
29769
29422
25011
21563
844
22664
3638
30456
24961
11496
32094
14566
28863
30291
22763
10010
10969
9254
31827
29307
29482
27162
29439
17699
9841
24774
9910
1800
23776
3942
21082
21979
4719
17114
3282
13360
10614
22002
71
13280
31611
20200
8595
8107
27720
30254
31734
26658
13121
19050
25867
22469
20213
30144
11515
21096
22259
10319
7921
9179
8159
31742
26062
8649
26053
17784
10525
9441
28844
30325
30281
7476
26479
30012
18957
17886
17608
3429
20013
15337
8878
24036
8036
31854
20449
26691
12189
3581
25539
9519
6246
22847
17513
16950
29089
29914
21234
27855
124
26773
12823
20123
21156
11197
23300
7914
6582
25287
29798
28033
23287
8246
8134
2715
18244
11456
12565
12333
20300
6828
1160
20590
18428
10366
26278
11671
13115
14038
17055
7911
216
21910
2783
9963
23488
11331
4067
16124
22389
16814
14667
31753
4539
26323
21809
28823
7317
18689
29114
28677
17519
28475
29930
5909
1693
9951
26301
15784
19460
9093
8563
13769
15383
22058
23595
31725
15366
16270
17331
15481
28209
16858
5535
21125
17891
13702
29080
9184
829
17786
21751
32340
11120
22131
29843
23083
20784
32169
26838
9713
16741
19119
24599
32636
26659
26778
19235
32298
476
23141
14365
29290
27860
22164
20361
15998
11990
1560
10147
11391
806
10867
25077
26017
1206
28444
18216
28344
18588
27173
21787
19963
31940
4123
29490
15880
24290
7982
16625
4649
8107
17809
13001
12246
1605
1828
28977
16763
26620
9809
11769
1659
18486
5171
25563
25716
13481
11262
13396
7621
12747
15771
22450
20813
19338
11154
21357
10102
7742
8237
27322
20594
27612
7643
32094
14277
4460
28370
18624
4356
28861
14328
16195
8668
8791
13060
27090
27989
945
21472
1981
9304
30116
23890
24771
32624
24352
10460
32112
26061
18462
9697
14761
1422
8405
21512
25989
16704
2353
15590
26718
5793
11393
12503
6696
25258
1392
19244
18178
9933
7734
396
4363
13180
8463
17044
9335
23530
19692
26561
29154
5909
8809
32400
25315
12804
23808
11491
15589
30541
3196
13479
9778
28635
25264
23220
337
8430
2408
13556
4754
27491
5280
9160
9191
28726
25844
31399
6901
7749
3672
7177
13675
19799
5897
3203
24467
2652
8900
16691
22823
30967
24117
11614
7269
28217
16050
21336
15205
10416
27177
23716
10155
18848
23383
32093
6137
29584
5691
9940
102
12808
203
19835
20660
3738
13285
17922
27871
30495
22664
32191
5106
22851
25924
4691
10526
5956
20463
3211
4877
14838
1946
17028
9588
1035
19139
9491
18664
19089
11725
31843
21746
14012
26029
22496
20581
21734
10981
13652
3055
5332
18614
9040
19183
7995
11409
25294
28294
9346
2512
19476
22257
2250
26019
31452
28438
4396
8013
1457
5724
30273
18576
17564
23744
32744
25189
27392
17702
