100
18749
18748
18747
18746
18745
18744
18743
18742
18741
18740
18739
18738
18737
18736
18735
18734
18733
18732
18731
18730
18729
18728
18727
18726
18725
18724
18723
18722
18721
18720
18719
18718
18717
18716
18715
18714
18713
18712
18711
18710
18709
18708
18707
18706
18705
18704
18703
18702
18701
18700
18699
18698
18697
18696
18695
18694
18693
18692
18691
18690
18689
18688
18687
18686
18685
18684
18683
18682
18681
18680
18679
18678
18677
18676
18675
18674
18673
18672
18671
18670
18669
18668
18667
18666
18665
18664
18663
18662
18661
18660
18659
18658
18657
18656
18655
18654
18653
18652
18651
18650
