1000
31329
31328
31327
31326
31325
31324
31323
31322
31321
31320
31319
31318
31317
31316
31315
31314
31313
31312
31311
31310
31309
31308
31307
31306
31305
31304
31303
31302
31301
31300
31299
31298
31297
31296
31295
31294
31293
31292
31291
31290
31289
31288
31287
31286
31285
31284
31283
31282
31281
31280
31279
31278
31277
31276
31275
31274
31273
31272
31271
31270
31269
31268
31267
31266
31265
31264
31263
31262
31261
31260
31259
31258
31257
31256
31255
31254
31253
31252
31251
31250
31249
31248
31247
31246
31245
31244
31243
31242
31241
31240
31239
31238
31237
31236
31235
31234
31233
31232
31231
31230
31229
31228
31227
31226
31225
31224
31223
31222
31221
31220
31219
31218
31217
31216
31215
31214
31213
31212
31211
31210
31209
31208
31207
31206
31205
31204
31203
31202
31201
31200
31199
31198
31197
31196
31195
31194
31193
31192
31191
31190
31189
31188
31187
31186
31185
31184
31183
31182
31181
31180
31179
31178
31177
31176
31175
31174
31173
31172
31171
31170
31169
31168
31167
31166
31165
31164
31163
31162
31161
31160
31159
31158
31157
31156
31155
31154
31153
31152
31151
31150
31149
31148
31147
31146
31145
31144
31143
31142
31141
31140
31139
31138
31137
31136
31135
31134
31133
31132
31131
31130
31129
31128
31127
31126
31125
31124
31123
31122
31121
31120
31119
31118
31117
31116
31115
31114
31113
31112
31111
31110
31109
31108
31107
31106
31105
31104
31103
31102
31101
31100
31099
31098
31097
31096
31095
31094
31093
31092
31091
31090
31089
31088
31087
31086
31085
31084
31083
31082
31081
31080
31079
31078
31077
31076
31075
31074
31073
31072
31071
31070
31069
31068
31067
31066
31065
31064
31063
31062
31061
31060
31059
31058
31057
31056
31055
31054
31053
31052
31051
31050
31049
31048
31047
31046
31045
31044
31043
31042
31041
31040
31039
31038
31037
31036
31035
31034
31033
31032
31031
31030
31029
31028
31027
31026
31025
31024
31023
31022
31021
31020
31019
31018
31017
31016
31015
31014
31013
31012
31011
31010
31009
31008
31007
31006
31005
31004
31003
31002
31001
31000
30999
30998
30997
30996
30995
30994
30993
30992
30991
30990
30989
30988
30987
30986
30985
30984
30983
30982
30981
30980
30979
30978
30977
30976
30975
30974
30973
30972
30971
30970
30969
30968
30967
30966
30965
30964
30963
30962
30961
30960
30959
30958
30957
30956
30955
30954
30953
30952
30951
30950
30949
30948
30947
30946
30945
30944
30943
30942
30941
30940
30939
30938
30937
30936
30935
30934
30933
30932
30931
30930
30929
30928
30927
30926
30925
30924
30923
30922
30921
30920
30919
30918
30917
30916
30915
30914
30913
30912
30911
30910
30909
30908
30907
30906
30905
30904
30903
30902
30901
30900
30899
30898
30897
30896
30895
30894
30893
30892
30891
30890
30889
30888
30887
30886
30885
30884
30883
30882
30881
30880
30879
30878
30877
30876
30875
30874
30873
30872
30871
30870
30869
30868
30867
30866
30865
30864
30863
30862
30861
30860
30859
30858
30857
30856
30855
30854
30853
30852
30851
30850
30849
30848
30847
30846
30845
30844
30843
30842
30841
30840
30839
30838
30837
30836
30835
30834
30833
30832
30831
30830
30829
30828
30827
30826
30825
30824
30823
30822
30821
30820
30819
30818
30817
30816
30815
30814
30813
30812
30811
30810
30809
30808
30807
30806
30805
30804
30803
30802
30801
30800
30799
30798
30797
30796
30795
30794
30793
30792
30791
30790
30789
30788
30787
30786
30785
30784
30783
30782
30781
30780
30779
30778
30777
30776
30775
30774
30773
30772
30771
30770
30769
30768
30767
30766
30765
30764
30763
30762
30761
30760
30759
30758
30757
30756
30755
30754
30753
30752
30751
30750
30749
30748
30747
30746
30745
30744
30743
30742
30741
30740
30739
30738
30737
30736
30735
30734
30733
30732
30731
30730
30729
30728
30727
30726
30725
30724
30723
30722
30721
30720
30719
30718
30717
30716
30715
30714
30713
30712
30711
30710
30709
30708
30707
30706
30705
30704
30703
30702
30701
30700
30699
30698
30697
30696
30695
30694
30693
30692
30691
30690
30689
30688
30687
30686
30685
30684
30683
30682
30681
30680
30679
30678
30677
30676
30675
30674
30673
30672
30671
30670
30669
30668
30667
30666
30665
30664
30663
30662
30661
30660
30659
30658
30657
30656
30655
30654
30653
30652
30651
30650
30649
30648
30647
30646
30645
30644
30643
30642
30641
30640
30639
30638
30637
30636
30635
30634
30633
30632
30631
30630
30629
30628
30627
30626
30625
30624
30623
30622
30621
30620
30619
30618
30617
30616
30615
30614
30613
30612
30611
30610
30609
30608
30607
30606
30605
30604
30603
30602
30601
30600
30599
30598
30597
30596
30595
30594
30593
30592
30591
30590
30589
30588
30587
30586
30585
30584
30583
30582
30581
30580
30579
30578
30577
30576
30575
30574
30573
30572
30571
30570
30569
30568
30567
30566
30565
30564
30563
30562
30561
30560
30559
30558
30557
30556
30555
30554
30553
30552
30551
30550
30549
30548
30547
30546
30545
30544
30543
30542
30541
30540
30539
30538
30537
30536
30535
30534
30533
30532
30531
30530
30529
30528
30527
30526
30525
30524
30523
30522
30521
30520
30519
30518
30517
30516
30515
30514
30513
30512
30511
30510
30509
30508
30507
30506
30505
30504
30503
30502
30501
30500
30499
30498
30497
30496
30495
30494
30493
30492
30491
30490
30489
30488
30487
30486
30485
30484
30483
30482
30481
30480
30479
30478
30477
30476
30475
30474
30473
30472
30471
30470
30469
30468
30467
30466
30465
30464
30463
30462
30461
30460
30459
30458
30457
30456
30455
30454
30453
30452
30451
30450
30449
30448
30447
30446
30445
30444
30443
30442
30441
30440
30439
30438
30437
30436
30435
30434
30433
30432
30431
30430
30429
30428
30427
30426
30425
30424
30423
30422
30421
30420
30419
30418
30417
30416
30415
30414
30413
30412
30411
30410
30409
30408
30407
30406
30405
30404
30403
30402
30401
30400
30399
30398
30397
30396
30395
30394
30393
30392
30391
30390
30389
30388
30387
30386
30385
30384
30383
30382
30381
30380
30379
30378
30377
30376
30375
30374
30373
30372
30371
30370
30369
30368
30367
30366
30365
30364
30363
30362
30361
30360
30359
30358
30357
30356
30355
30354
30353
30352
30351
30350
30349
30348
30347
30346
30345
30344
30343
30342
30341
30340
30339
30338
30337
30336
30335
30334
30333
30332
30331
30330
