100
153
288
292
491
778
1842
1869
2082
2306
2995
3035
3548
3902
4639
4664
4827
4833
4966
5436
5447
5537
5705
6729
6868
7376
7711
8723
8942
9040
9741
9894
9930
9961
11323
11538
11840
11942
12316
12382
12623
12859
13931
13977
14604
14771
15006
15141
15350
15890
16118
16541
16827
16944
17035
17421
17673
18716
18756
19264
19629
19718
19895
19912
19954
20037
21538
21726
22190
22386
22648
22704
22929
23281
23805
23811
24084
24370
24393
24626
25547
25667
26299
26308
27446
27529
27644
28145
28253
28703
29658
30106
30333
31101
31115
31322
31673
32391
32439
32662
32757
