10000
893
17339
11197
22968
15667
11308
11763
11192
7051
31067
24065
25599
27561
10093
23751
8185
5396
93
2723
17309
7354
8945
17045
22526
22837
30189
20641
14365
15436
23430
10101
2
21949
14617
6476
29195
29498
10013
6162
18051
433
23895
16585
6518
5072
12108
13867
27332
12745
11516
3729
25717
22098
15309
22803
23372
15600
15302
32241
15775
25974
3325
32306
25702
28872
2387
22154
31377
15077
18014
2433
28319
22053
13223
5330
8812
19391
26902
22033
19786
17805
14762
8849
17492
1300
24173
5765
7423
19391
19880
24421
24050
6251
4691
1428
12824
24104
14287
31039
20979
6206
7640
26248
5939
24431
18613
5348
28295
25724
433
21953
7091
29675
23503
18029
995
26374
28858
26931
29246
9767
27131
22983
2751
8243
10862
8420
24384
23397
11255
27443
23256
845
25969
10095
30567
6168
19687
20423
29039
8977
18951
25219
28198
5224
11475
19947
18377
11826
31898
21348
29746
8370
13095
9693
14765
15319
14392
18281
9736
23045
12594
27181
31721
26649
30994
22653
2660
11943
21671
10306
8909
16517
14079
15775
8395
12942
10783
24788
14510
160
12278
27490
3
17383
12180
20592
25701
7774
17048
1133
1174
32658
30439
2039
8142
9898
22692
6651
3922
1444
22620
21790
32329
27105
24960
15452
21451
3556
13593
31471
828
30807
23735
23411
14040
19534
18858
14919
2190
28368
29813
30518
15634
9620
4224
10839
13614
4872
10253
8241
2393
13207
13421
24867
906
16428
1652
18436
27470
6642
4906
27654
22553
9055
30915
25056
32217
10864
20434
6188
10193
18486
7353
21261
21925
22929
30052
2838
11953
30012
12087
13159
16287
777
10564
11033
13881
22638
1730
24029
3963
32321
28090
22495
27629
960
7684
20721
32304
724
29810
29413
18390
14743
11851
24378
6263
23827
251
14332
768
2381
23048
12261
15695
29314
23368
26056
7677
15280
26450
3888
11387
5720
21042
13892
30561
3970
2657
3821
9474
11779
19956
10043
29252
17915
16403
30469
5039
9633
29357
4816
11459
32579
14442
1522
20879
13448
21217
6136
18047
26361
20748
324
29302
29119
12792
21243
14108
12462
8129
5662
9082
14467
22206
26102
13508
25706
3321
2486
6517
23748
28130
20828
10913
31526
32324
14808
3975
12197
31863
7280
16231
19281
4312
28003
21907
21503
25206
19916
27591
17740
25614
29898
28349
25310
27962
13278
8445
32749
29669
6804
16371
24578
31234
32102
32579
5375
893
25565
20065
32352
10354
8697
7260
19904
6046
8403
3578
13471
7443
6785
23050
8034
303
19770
16374
8603
21454
27066
19608
30603
30655
16616
24910
16614
629
29879
12625
22741
17407
12362
10562
28481
2875
11099
29958
18255
31302
31965
6100
16167
32566
224
19084
1274
17676
21942
5195
7491
12516
13396
20796
7757
16239
10234
7089
17653
22179
26903
19314
18097
24497
24423
32596
1233
15672
3934
25870
1285
29112
30409
13129
21280
2633
7347
2550
12315
8589
22661
11492
12893
3811
5234
19602
15161
5597
3858
20802
26041
10741
24653
23630
21146
6779
17787
29631
30103
15058
30921
3100
18411
23260
6111
25728
1041
9139
24000
26863
20174
11418
13297
3818
29041
23603
24285
24641
2394
27122
18808
10281
20665
5073
13347
30350
25752
23621
19152
28075
11292
25713
26214
3543
17671
13978
32103
29602
6530
5340
2000
15392
794
8219
23104
901
7944
27452
15453
12786
14261
20116
15987
2703
26493
4000
4703
12506
22707
12535
27564
6207
18150
32382
11003
4584
9571
10715
22696
27862
3835
2860
12970
23601
25351
23032
20923
6108
13225
29285
10682
27469
26964
31404
26957
9884
16270
31947
31946
9689
32500
18554
14424
25251
6271
12639
27985
17398
1543
32133
28395
8261
5125
6155
18968
9673
30877
23577
13482
7448
23516
3096
30651
14841
13630
18723
22860
28279
8819
7864
18732
29748
7010
30388
21788
0
10095
2430
10288
21418
30713
7810
6520
8726
3111
12513
3552
31120
16869
19558
12629
10336
30761
14013
19241
20383
9851
14559
12729
6217
3508
7377
8525
16019
26118
13198
31295
26494
11836
30530
10848
29868
67
7608
17815
19058
3818
12054
4555
15408
12518
29896
2563
4829
7449
21690
7372
25062
15380
27850
10716
7737
13018
637
756
11164
2790
6896
29707
21572
7024
20242
5800
24227
6125
12305
29840
13697
26581
20498
15777
22094
11176
17189
5374
31159
4915
11384
14700
10871
26896
11211
3324
15984
30572
16163
16363
26106
10764
27843
8902
17787
4498
18776
25553
19768
11261
11892
15274
17258
5744
13629
19754
13461
3124
18791
15500
15893
22271
26719
16849
26361
5239
24777
14946
31509
29938
9773
32248
7251
22400
3309
31417
32330
26411
635
23716
18
7549
5576
17454
6230
20035
25600
20525
18346
8337
15732
32502
1311
6406
5848
10946
22805
6481
6830
9559
6737
30964
28418
14052
336
6984
856
1068
1498
9922
31459
8166
15066
16756
1783
19300
7276
30423
17857
10868
1080
10951
31030
28292
14335
15823
10825
15625
18035
18087
3169
21793
9804
1275
13578
14454
19352
29038
31722
23398
10066
3807
5880
8290
17719
24811
18152
8852
31701
11187
10217
5061
25317
24799
31379
12669
986
24035
31003
5484
30906
24448
3274
25864
27949
20110
30637
9336
13780
18938
18061
12465
29147
4619
7969
9439
27346
14569
16003
12038
9912
15455
15329
6121
24665
27872
25461
555
23003
17864
15799
9396
15763
6885
5841
1110
285
16182
6739
28848
32427
2290
22312
18515
14493
22220
16329
18468
31570
31350
31408
27138
20798
11364
5904
5800
32061
27858
31171
11988
28455
30216
5763
12201
26277
9181
18782
30289
14403
29818
25700
26344
26822
1632
17827
31381
4799
14253
2389
30970
19040
19098
11351
24783
29583
13129
13021
17353
15929
29374
10085
6593
15593
9003
1513
20242
18841
6512
26457
4675
11464
16354
328
9446
15052
3659
19942
13247
23402
17203
28718
31273
12196
16990
10336
13494
18898
15510
27826
10006
11252
1195
31298
14650
71
13751
29264
28600
16406
3750
22442
17266
15571
9974
103
7283
16230
24764
20440
29721
12741
15336
19644
25209
1733
28361
26547
6911
21552
26580
1526
7253
21271
7329
9284
6022
14953
18998
9760
21092
10181
2696
9529
2343
2701
25407
21802
4950
17724
12730
20323
20459
30969
6227
23399
7346
12140
20708
1849
23794
22224
2186
9232
21327
17481
10408
31570
21231
12408
12591
20416
3036
25165
2077
32494
30377
31773
25156
22263
9049
7925
10573
29806
28540
22573
764
15512
26523
3392
23990
18392
22486
23003
9792
20586
20428
5171
2761
31060
7611
27548
28459
410
1256
21848
30318
14258
13122
15276
17805
16695
14914
9017
25469
2786
3861
14986
23148
29877
22013
2026
32327
3705
31989
10616
31870
30827
27028
23421
6411
15411
15923
14588
15537
12821
31314
27275
14465
18027
31288
14178
25251
13139
6618
11442
28755
677
32510
20280
12586
27688
20128
2833
3999
25605
20885
21968
31437
28027
19566
14030
7543
1493
3743
10689
1609
15257
31969
3984
9568
17923
6868
8550
17165
12465
22505
6662
21462
28576
9087
2398
19902
28503
3148
1630
25287
30050
28415
13066
17588
25858
30755
18126
22035
15395
32071
4882
27771
23694
29020
13839
2067
30048
30814
28641
9299
8379
24119
19933
1551
2491
29920
8228
10929
11948
7625
28024
15558
4986
635
22863
12732
30824
16508
12326
29929
26885
3186
3608
17360
14173
4236
21423
8096
14188
2590
23802
30718
20184
27275
12000
29444
11487
32616
3763
30346
16013
26078
14345
22180
13107
19792
9415
19819
9494
19774
7038
8193
14948
21098
30715
5327
21100
26425
25113
7953
4877
23387
26330
25493
27247
3758
10166
31423
22770
25440
5171
5073
5988
6997
25014
23913
28023
9416
13721
22348
19570
6708
13693
29025
550
31093
29154
7169
6180
22058
24309
11630
13101
2911
20392
16544
1770
12393
9992
29000
12765
21776
13260
6415
5528
18676
27177
29214
32557
29225
28654
17124
13285
30501
11980
30483
13877
16348
24821
18924
22253
4649
19434
26045
26291
19824
7565
7336
7088
2434
8062
7845
32649
7360
13476
20682
31121
19844
21770
10699
18749
12988
31725
14269
1240
2008
15379
13087
28791
30695
28254
17178
16688
9212
11936
22280
8327
26839
6833
14644
1065
10177
1983
16096
11741
5816
8678
14733
26551
23500
10752
3446
20622
30665
17855
4446
19633
17430
5625
7051
28374
2013
1858
24595
27987
26732
4288
1110
30609
14556
21819
3020
32701
27888
23156
513
19648
13119
19128
1501
26738
31382
29876
6697
15882
26264
32139
24399
31962
30631
31014
6753
4921
27144
23756
11613
21952
4161
32754
25776
9913
11462
8020
15864
12756
3797
5700
3086
4124
30367
16962
7236
26666
1192
17614
16619
24216
14448
6010
25881
27321
16979
9795
3497
25479
11438
25633
27522
22749
8259
3549
25373
3303
18399
3875
11585
8662
5946
15832
29969
20440
31006
24493
5961
14151
10443
11765
26309
8992
15003
19380
6723
20408
6114
25080
18281
2474
29208
22124
3850
14612
28986
20522
24229
11523
8557
32465
27438
15147
25573
22487
18705
2012
26373
15905
17781
2609
27079
18385
25789
8331
20063
5728
10837
18749
16411
29932
3499
21385
28814
12499
16507
7372
12269
24704
10832
11765
25785
3205
15688
19771
9886
28394
2071
22544
156
15557
10574
31056
7780
11787
2014
4031
26885
14246
29911
22706
22215
11208
6774
13068
29271
13438
23647
3692
23845
23688
3367
23205
20747
6760
7445
2927
25903
4537
9770
1116
6698
32450
31070
269
29034
75
4397
19877
5076
13231
3410
25470
19374
22323
7123
15899
21949
26262
29501
31838
19882
26090
16945
8699
14763
20130
14367
3373
31071
21227
2898
29864
7161
27456
8237
462
24992
25144
13748
23333
27670
21155
15182
13065
25240
19414
13256
11934
3334
4163
18846
14601
10820
8781
30838
5856
1504
4954
28654
19934
4341
18729
5015
13532
591
11622
15425
16380
16847
31611
7802
23848
8977
8362
31313
29883
13133
25176
30816
25213
7803
16044
22537
31445
28603
15193
21247
28730
12531
5816
23048
11499
11706
3866
3842
29920
23925
13404
8228
25600
14527
30652
26759
7316
32271
28138
31205
14844
10644
30563
29600
23456
9316
17146
19206
23594
28374
24247
26835
2291
18988
19173
16375
28090
9590
17255
16794
2204
20915
13131
21086
31296
16696
1698
9444
1619
22102
20110
7569
30772
1335
27548
9106
16368
19721
12884
797
23408
19550
15887
17658
24561
29907
26121
8003
14261
8688
2231
25448
26616
5968
8539
3445
29478
10754
23509
22680
11083
6446
6844
31966
2251
23036
9133
31293
22867
23217
26083
5335
23311
284
3848
26237
6174
26672
25163
10610
5699
8434
1459
8306
11997
31382
14771
16371
8985
5604
12030
31915
16486
18401
28316
25426
10537
4012
2110
23977
5554
9126
31439
18619
8559
22997
2891
16483
30816
28555
32212
17422
30923
29762
25859
6338
7473
23499
31612
3168
17024
31656
15301
32294
7818
30646
10840
20599
31414
25103
1526
10207
1782
4654
21055
6994
22777
30548
28800
14772
27553
27179
15052
2207
12983
16809
21838
24672
5854
12088
10717
18754
28101
9748
16849
15888
17057
20980
29205
30677
731
24812
3454
9958
25349
9362
4443
15650
4115
20064
78
11641
200
19289
24410
17579
31598
751
2364
32594
9162
32037
19455
291
9551
13297
1227
4465
19858
5092
11774
16626
11006
28684
4989
7366
969
27930
8525
4789
14630
10176
93
27321
27325
6749
30118
31164
28248
1500
14198
29090
28639
25049
11529
29322
19846
6150
19546
16721
1093
3790
2616
18264
16521
18232
4252
16264
26409
4621
12090
13459
10907
8253
14934
13436
104
29311
19417
23897
2781
27704
6820
10072
19203
3486
23588
4096
11986
6429
25639
2745
20386
10234
30446
23183
29922
29238
387
14643
12044
19893
11341
28482
7896
10399
31713
16842
15537
775
29723
22795
13413
11210
29038
1146
10528
17594
11384
12
30107
20988
7129
7856
15505
22703
10310
32285
23923
20686
26329
10191
8540
28248
19883
17228
13383
1454
5797
15788
16000
3900
17555
2648
12888
3675
32378
24850
8733
24438
13612
7478
12873
12652
18201
8767
31738
11830
5736
27020
29602
5834
17735
7525
10240
22079
3199
25913
27983
20529
24651
18217
18621
28263
22378
17099
12318
12723
2163
2343
29154
18970
20841
30214
22852
31285
15759
11885
25285
18903
32125
2148
5337
19441
9588
8187
20704
31666
9711
15759
12375
29938
12922
29002
16976
3024
2759
2025
15647
1946
23039
15554
30807
1262
8278
19717
17141
17183
23266
20546
27098
24794
23981
31275
639
19466
5129
10652
19940
26872
6947
26840
18377
13495
27355
17174
13857
26303
211
4924
19652
21976
16838
12266
14692
9274
1308
6330
11202
30450
32443
2246
11809
15495
31519
4715
25083
18142
8621
10317
29940
15451
12612
14235
25100
9289
27414
14229
21272
4732
8118
21067
13939
13876
4721
2727
23793
20549
9954
941
13332
21621
3265
19714
28803
14886
24060
22699
15543
16437
25353
32280
16376
10273
29050
11873
4488
11376
6354
15823
27678
13902
4503
26270
13717
5752
8872
26881
12006
17752
28881
27751
24660
28273
27805
1533
5606
19198
21099
2164
26
4054
28868
260
19672
29331
10476
1457
19621
2547
23991
14541
30745
3455
17566
9662
27027
14442
19730
23297
7979
21435
4625
25967
6376
11183
2550
4287
10036
29784
26773
4429
32140
24971
26503
31513
23932
30201
26819
10771
28107
19868
10094
32662
4595
26453
27381
6450
21971
12755
28760
25774
16808
24502
32201
13645
10810
18164
21621
15953
20819
20348
29858
5822
27253
13594
26618
10848
22476
8347
1574
15375
13154
23601
26527
23858
30866
10009
31425
32386
25023
27770
28450
32273
20038
24977
27425
22154
17584
20235
16322
21434
25901
2482
3769
28751
24638
24140
5828
16608
17841
29888
6718
4142
16338
28283
5106
4266
3808
17426
11821
18231
22718
9769
12311
4912
8427
26003
21826
30637
31924
9915
17284
2562
22440
25666
4866
10633
23629
1257
7310
25762
21777
2226
563
12023
6531
4418
9741
19717
23491
18826
862
6360
27191
28838
7647
1045
14720
3077
31572
31550
19117
1227
23395
3634
16814
13427
8614
499
16395
9401
9727
12204
22486
1719
24364
21747
10974
9550
7067
14667
2597
22215
15487
19693
10644
12730
10019
9416
15342
2351
24702
30662
2819
29700
1801
337
24614
25487
7885
27926
20704
3459
25536
12296
17382
11544
5713
29352
16969
24422
30274
28804
26861
7954
24502
28926
3644
9005
16011
15695
28699
9561
19433
14284
32285
21294
18971
30823
5111
28380
12958
4728
14389
25361
2680
26558
13099
19997
20683
11424
4653
18516
15274
441
27395
27059
14123
18068
29591
21191
23230
2484
16881
15563
18621
14808
18533
21777
11332
31869
25099
26531
18754
19875
880
7465
21200
19668
25483
20493
31682
23395
12531
15582
30076
28658
10063
4594
20744
17206
6413
8784
30309
14847
16727
16332
9761
12402
29250
116
14634
2713
29513
29483
4833
11807
9211
1940
31088
18772
14064
11570
18525
2935
6401
28109
12640
12853
22712
1815
32626
4205
8710
18319
4135
29238
8756
12966
30525
547
26652
12320
117
5062
5273
19134
929
30578
28476
16922
16127
15173
13121
29650
11205
32102
10433
24552
253
13196
24105
19561
22675
3008
5610
19533
10925
19043
15474
11679
4922
18802
31324
4830
5582
32009
14051
15266
21421
8486
7837
16514
26662
29872
614
17974
24354
9656
8857
27641
31228
21246
14983
31025
13971
18103
24609
3666
19614
20109
3064
23808
5440
21736
23912
11124
4317
8044
28431
10016
32555
22211
20356
19094
15756
15260
29254
23206
24475
11507
11507
16070
13828
25491
5307
14520
14234
1754
20499
16230
163
32445
12462
273
23670
9995
10665
20650
3401
18422
30214
640
17988
30671
859
31772
3034
18961
29899
31593
28248
28577
21046
22809
21182
11348
14253
19011
15823
17842
6441
25937
21860
20218
28284
28185
3077
30310
23431
11594
10938
14255
10414
22282
11551
6100
8073
17629
9143
19992
8156
1737
4226
32329
202
4024
29138
26696
4677
285
28506
12486
21193
23002
23944
10060
11594
3170
2837
11646
21355
16410
3290
9120
2032
16902
31717
32345
28022
26785
22988
27063
11617
28428
3905
7540
2839
2923
14567
18040
14188
17549
13924
10654
30812
19147
12216
25531
30976
22578
1229
27357
21947
23524
23374
13520
14517
29883
16061
9959
6794
32560
1728
13048
31555
14971
30652
17833
10117
18684
20901
27114
24072
4058
16661
17859
26955
14826
26267
21584
390
25042
26709
266
2785
10094
16833
2119
995
13426
17872
16645
14381
29777
1852
13283
2920
862
6940
9072
28796
6449
27062
27048
24834
29261
404
20156
26877
32000
8410
15634
6852
19850
26838
30349
32579
7553
28633
12046
22115
23155
9541
12347
15303
1998
15336
27263
953
30717
3720
5969
25700
8404
12991
20666
16195
3886
11786
16913
7897
15828
284
22026
15523
21409
32120
1519
9035
3300
6462
11820
16670
21510
13637
3089
32448
19821
2411
18644
11806
23199
11049
13781
26021
22699
25195
7718
7090
7621
16542
20811
5705
31280
11786
19262
777
16481
24930
7607
19295
6241
30105
32425
30971
8819
4600
8208
16000
11511
22638
13546
30848
398
3623
18307
15015
3455
12895
17654
15670
26969
30585
25073
16051
986
21067
15544
11743
29712
5053
24685
12265
14014
16530
3470
22241
23297
7045
27583
7279
25139
5528
2250
29893
22288
6313
18660
3538
24599
24646
11314
3769
20787
21698
3467
27521
155
7304
16000
8462
25335
22448
9369
27984
12996
14800
15330
22458
9977
30229
8870
7670
31979
12690
4731
22743
22894
28631
27262
28047
17725
11718
12000
7970
18588
7842
8610
21530
27195
16233
22684
25725
5470
13412
29892
1020
11067
9468
24237
7277
17315
2511
11342
11387
24805
8451
5125
32412
6896
31962
4316
19524
1463
24711
7178
8537
22234
24385
8125
5094
3714
29077
1814
9235
10124
29952
3957
22613
4843
18877
16120
27106
583
732
9278
5480
17898
23700
17265
25598
16861
27866
21635
91
15950
16946
14007
27717
5941
25798
15716
10829
3896
28085
14838
12218
18891
10413
26421
12995
12443
29628
6602
10497
18477
20835
23038
2595
14274
24813
19142
10980
2175
12542
509
17466
24522
8303
13808
31440
14583
16729
25631
31415
25124
29296
21826
31577
16481
8851
8843
16302
7957
29345
8235
26290
3741
10637
20759
8214
5685
11957
18444
6453
15644
32367
6608
13899
12019
19685
17596
27617
32614
19236
12663
19596
20751
17007
12548
7895
25495
31193
7167
3966
19743
6675
30499
21469
25310
898
16656
20647
5387
19092
19787
6363
16893
20053
20615
22772
17553
7485
547
609
16844
7244
30451
19252
31169
9306
6467
22046
8117
2472
25113
5787
32130
16826
14267
17770
26169
7017
5489
31040
15371
15668
24716
14269
3434
24023
3751
4767
3435
27423
301
9526
27503
4860
14876
1560
19970
25304
19976
277
29955
28967
14178
11629
18182
17727
28410
13377
19958
29034
28099
23368
26367
4922
31702
10179
10666
11805
28858
11699
19018
5169
18659
24393
31640
20826
13432
28830
5018
19601
858
9124
30665
4991
4705
4189
5234
1098
7657
15690
25437
18863
7565
7207
17837
23889
3378
16085
13575
1104
18248
22680
4086
31262
21580
24450
1422
15758
21393
25135
25680
13358
24897
26035
20558
6103
7582
24529
9360
25218
14734
8558
949
11357
11351
17732
23517
12319
30375
30427
25031
27032
5847
9653
18231
652
4720
30921
12443
449
14575
5684
11757
28759
965
4906
15067
26968
14242
8242
2598
18320
10995
17811
8264
26015
21930
17417
345
9292
3645
28093
30259
11036
6129
2932
11477
5924
26200
8711
14341
3099
14872
11283
12858
23475
31471
7153
1976
14121
29428
14825
11261
7963
20256
12962
15964
1435
2316
27101
25064
22145
7676
25955
19603
23045
14109
25660
20887
9613
9995
30242
27413
3779
24726
10038
1788
21739
19142
5105
6957
29812
5661
31068
17629
22732
30491
5508
30522
24697
27144
27688
32081
26470
25581
17334
21295
19322
5348
28278
6726
8047
8081
13316
11539
32738
27121
28419
5630
16038
27474
13072
28034
22622
7075
3829
25485
26699
26606
16159
30762
3682
20515
25683
10077
31650
4631
4764
3150
6308
1484
19592
16298
31348
3827
16019
30023
6559
18351
20196
7431
32653
18588
21815
2814
24081
12816
3867
27351
17727
23201
9309
627
27518
18151
20420
2004
15326
20099
32766
3642
7851
4703
1243
20107
12354
10296
7353
20216
23075
8026
30272
11742
584
17067
31311
5098
17589
15339
29237
4481
27473
31802
24101
27487
6132
3547
4068
6782
21697
13111
24005
825
32438
30501
471
10161
16001
4712
31069
22896
917
19065
30846
11852
13694
11656
17982
15502
3953
20413
5293
25172
23080
28099
10590
7220
30701
6279
27163
12066
30452
20029
8663
10644
7661
9381
4580
32740
9946
26764
9063
18421
7198
22165
19720
22553
3031
20793
238
19762
1390
14349
14058
15384
5485
17475
26354
4667
13200
3700
2002
27018
22302
8605
26142
21395
9593
16231
26475
24555
28404
14763
3518
25040
28134
1333
20293
14605
31741
27080
5701
8734
12756
29539
32084
20885
9415
2243
7112
24252
14086
19241
30319
16764
11752
9053
26753
26493
642
8179
6354
9359
8313
2253
20300
585
1812
19425
16029
13039
149
10044
5677
11161
25546
13383
28755
10642
5087
14410
28872
9983
12918
24110
10076
705
14329
15751
2791
24476
26159
21202
8323
32408
18702
19706
8952
6311
14801
21538
15992
31625
6218
11678
13453
28141
11896
24898
31823
7897
29276
17376
13018
9291
6665
2828
28671
19745
13819
20002
21306
18998
17833
6283
23780
29390
31325
28987
26538
10292
7236
31614
22078
7329
17857
5365
18764
352
26887
5339
29104
24624
21479
4237
21222
9194
9702
18762
2498
5219
27795
10039
27489
18836
23064
26022
4191
23032
18958
21655
8266
18486
2198
21375
29015
29696
4005
26953
20564
4667
11935
7579
1246
28768
20520
30554
26068
1826
21047
17520
4620
8273
9323
3789
8516
5118
8355
25259
24923
24800
20937
18967
29633
9206
7406
8621
24364
13166
156
10915
27020
24774
24167
32265
20034
9777
710
17742
9356
17212
24353
23559
2628
3249
10795
16108
26315
29627
23154
27683
23104
2124
12085
6338
11509
31420
15221
24463
21283
24755
10062
19722
22748
16712
7048
27821
19010
11370
2922
15218
27639
24959
20686
9110
22484
18764
20091
26012
20958
18197
3246
4758
26997
9477
1018
31648
15055
8144
2642
15021
25765
21910
5733
14470
1580
7179
19754
21519
22855
469
3515
3788
15611
32565
28518
25253
17443
6634
26113
9446
7269
82
127
6794
24932
24531
30145
8633
12343
31353
29614
5263
3867
16352
25734
18719
32100
27989
7795
21176
16314
31032
12642
26727
15489
19876
18192
5308
31897
5715
18792
4817
9288
9659
17164
31881
30836
13693
11826
11798
17430
1536
9649
702
12779
8537
11355
20190
28269
17775
32398
15151
9729
14684
8710
25928
13170
4630
10229
26980
4766
10830
21846
14694
27503
20888
9598
25882
18701
30413
23284
14270
20818
20909
4738
20161
4223
20425
3212
3530
11565
18593
8353
5116
6278
15625
3920
5753
3764
9681
9789
17444
31642
5540
27252
5804
6082
12849
15612
13510
20887
18569
11696
18873
22229
200
28746
30240
21053
29944
10177
15851
12685
12082
31701
6056
1967
21254
11495
257
24369
30238
6671
15493
4341
27677
28009
7339
29482
2509
25263
19
29818
9082
23565
25360
30597
19097
14640
10852
655
3758
9377
2890
6005
17772
19281
13498
18406
7709
12917
7656
22991
1092
8083
7694
4119
5505
18141
12651
27533
11958
13247
3979
30751
21608
8116
30410
31308
31336
11101
20756
4316
28338
11732
5614
7886
27541
3646
3514
4498
5396
23455
23094
22392
25997
5875
26695
6761
19864
25466
12021
4821
2866
4435
24502
1772
31771
13900
27631
18961
28540
18681
952
20619
15053
29187
29152
11134
5622
1987
31024
282
692
26639
5876
21779
17215
9300
20152
13649
9258
13285
25424
7912
7562
8339
8475
12106
3930
24958
7560
30140
7454
22571
4056
30982
27847
9174
10022
17775
19671
16137
421
5864
1477
7021
10538
29576
23203
12257
14570
19000
31998
11465
4228
27056
30726
19112
14402
25506
22254
26354
23195
12340
2710
25371
30461
9652
21096
31220
12746
6279
11392
32567
26017
14179
4367
15712
23006
30655
32001
26047
16996
9863
4061
18124
27802
28947
16621
15546
15795
31322
28576
4175
26163
20579
21292
14322
28334
22013
3447
12038
467
29872
25912
22390
6058
10995
27481
6545
26138
19103
4001
13849
15022
31652
26767
32406
8601
22267
12937
26608
32247
11740
18998
11069
30549
20784
9768
26840
24692
27977
5054
435
31562
19921
15176
6894
15946
7680
12141
32680
32485
30994
3018
21781
9553
24313
26332
21712
19849
24911
6944
371
31125
7310
11128
2406
14603
20867
18129
19444
27094
13056
12035
13476
30262
15314
1784
24774
13320
8434
19473
17228
18760
13312
32453
15067
14804
18924
16012
20002
626
31223
23803
619
25877
18650
11312
111
19036
5188
3184
31599
23644
21130
32015
3712
16031
31386
13456
1063
1900
10290
1038
15397
24137
20559
2523
9108
25535
6631
30566
29491
18013
11994
28258
10239
10496
6439
14628
27139
15953
91
25165
21872
15758
23376
28586
23024
5262
27155
17496
9272
31487
3110
28204
17884
19187
18152
25169
3944
17051
4177
27955
20652
4945
12770
22940
29527
25052
22492
4893
9160
7152
8369
18352
31776
18165
16568
19611
26012
11273
3620
19096
9250
1352
2359
30002
16409
4171
13491
20850
17022
10734
21138
20411
30516
22359
22774
15603
10652
24628
13155
20195
3942
24131
9260
20449
21927
26136
23083
11692
1067
11547
3765
28567
11020
20688
16333
22506
3715
9051
23192
13445
17663
8515
27154
8902
31604
29814
7678
19117
21494
10381
15907
21822
4742
29778
23989
8743
3116
15487
25362
163
3142
13257
14255
28574
9247
15389
13393
10522
6339
27946
7552
31953
25362
25631
17464
15900
30228
16566
7907
18707
16268
29553
28292
25334
5840
16675
17461
31180
3543
8115
31443
1865
22676
20509
30968
6901
16002
22969
20265
20363
19073
19136
1617
12191
11488
25100
12910
19844
955
1567
7563
4717
32135
11623
7918
2258
2539
7105
29330
9750
3281
6459
9432
22374
18366
1566
26233
21988
27998
28716
23743
1541
4964
3366
16885
26167
30353
16017
27164
20680
17681
698
32735
5379
25358
30456
3529
11164
23936
20273
10166
2638
32578
26271
18567
23234
15467
19924
14362
6323
26587
31228
3450
23376
26388
31075
8530
19937
22604
20791
1192
7086
24256
26766
20423
21276
2378
9386
23933
1050
1846
6780
18055
7611
8018
31080
12618
20260
7492
4936
18884
28585
10528
9651
30145
12851
15674
18559
6482
10213
11833
9604
32635
22015
31085
23971
15148
25346
19811
16136
5234
7957
182
12459
21999
27559
27431
30493
3720
18006
21744
13953
7005
31503
28758
21976
3582
16759
4478
10115
17116
18826
6273
31490
15357
31618
16834
31746
5108
28411
20608
663
7441
23892
18343
14534
213
4952
9452
14662
29608
9758
21016
2951
20686
28461
16548
8436
12952
5092
25479
14198
23255
7194
31564
17721
32662
23553
26727
20914
20489
13648
30665
24545
17856
29601
23986
19923
5664
18455
21191
19820
22548
10309
1892
23139
12800
5195
24883
20878
9207
2114
14078
3424
16941
7387
32449
11184
29615
6978
8708
24763
2385
2121
27751
31597
16616
27330
18559
32476
2234
20780
16096
29974
5939
23187
27515
24348
10970
18097
23851
26158
1667
20825
5002
12873
32197
23830
3849
2543
9646
12559
10048
7974
32182
20013
7042
11715
9458
8064
4533
20200
28554
2527
30560
9676
28781
7887
30982
18874
19267
30375
947
4445
25252
30193
1236
9018
13959
530
23627
28542
1789
26926
13507
30458
3871
326
13889
876
27716
17059
18172
13568
1400
24952
20079
2326
1834
10947
11948
15942
18213
10356
26611
14753
9410
20689
6787
20794
14683
17689
23216
8166
27906
25447
2870
17983
17267
12250
12749
15599
30024
22771
31230
7211
10604
23358
23092
31869
25298
2101
3862
21703
30311
29793
24852
31109
7493
4290
26688
8530
30505
29553
16992
4782
4391
4996
28481
24318
17564
31794
18254
20180
613
15160
16480
25457
24142
3706
29912
4488
28365
5358
8428
6469
21745
1718
2622
8078
149
14476
1459
27785
1241
28259
3970
29534
4307
16715
10635
1854
24705
7318
29675
24996
14850
5689
13261
24026
19206
9845
15490
3520
31364
694
28373
3017
683
8123
17048
11846
26394
7927
3715
32743
6995
11063
575
8574
28013
2182
1725
30983
2314
23373
30924
20966
9865
27327
29163
21103
14973
25204
4955
27307
14685
22356
1913
8281
17277
5047
11595
23604
19772
28363
8793
7284
6015
13109
7870
12439
3167
22779
22398
25185
21535
5793
23322
12322
13921
3474
7266
31799
7065
5570
8075
21971
17089
27794
32129
16128
32591
19188
12670
5088
4964
9935
25820
30521
31302
9125
11560
26672
14096
30323
28791
25941
31656
16600
25597
16608
15346
10106
22747
2618
323
10150
19257
12480
4633
28726
26517
17347
16905
16824
31322
29651
32248
6604
32181
14653
26766
11726
14756
17362
6888
30901
10832
6122
23949
24635
8348
31913
28068
13631
20734
8065
8804
4967
17550
4344
1739
25609
24668
32428
15251
2124
30471
20116
13666
28298
6283
32648
11073
5881
5211
29444
18767
19339
25008
1065
31670
3858
25120
4100
26079
1960
12914
21267
23010
26702
32177
16389
25665
7635
1663
13250
16341
17144
23212
10923
17928
8145
25863
23331
12101
14446
20852
22862
14253
11963
30527
10264
31756
31653
15792
23418
8971
17278
12000
12281
9895
18851
11466
15215
20961
18268
31909
6925
18103
10755
7282
17057
8276
31849
5841
20757
1412
32629
18712
3640
16234
13838
20390
30146
10357
26683
3189
29586
1936
24969
31727
13625
11161
28334
19459
13500
23317
24171
26999
24726
27682
2487
30592
1277
6316
10009
26000
23142
25316
27990
5999
23883
7662
18764
21389
21292
28378
11038
27543
8404
22998
11921
21320
21981
12194
8886
6530
4470
28484
13514
30621
9316
28668
16986
27391
5191
26490
5802
3308
25631
8271
5976
7328
17934
29858
9277
28571
6752
24868
11924
15421
24520
17478
19294
29330
30956
7593
17669
5999
27428
25045
28735
21950
31359
13871
18485
14870
18184
10533
5605
19599
20295
15020
9924
31956
31754
18668
22184
5241
6501
13625
28902
9103
24823
21830
11447
7030
31087
1173
18657
3059
3919
27186
2707
13954
27376
18081
9104
27630
10182
24085
17295
26654
28902
21219
22754
8242
26309
1077
17495
14031
4675
17667
1116
2742
2280
32575
7014
5020
9837
5968
13715
310
32638
9154
20878
20627
29118
19772
28851
19374
29964
27314
4723
10052
4613
11739
32506
13027
8649
29670
9488
20292
15106
3689
3901
7898
28707
6298
13361
9387
17134
11457
9826
17759
28985
3565
26359
24214
32497
6630
24549
26751
8543
5988
18776
21927
28586
13438
32340
9486
31902
18789
1180
23168
15787
13138
19411
20770
25393
23485
26593
7244
1531
16336
19096
27286
19977
3099
16536
7990
30354
8329
13679
5513
21321
4243
773
17135
15072
29619
20536
10972
31434
6684
17091
22828
14406
31144
2148
22199
25241
26386
31550
19494
6810
28517
25980
18181
13172
26036
10295
21785
12456
30988
18841
27123
25937
26279
11843
17093
6316
7266
493
15477
21463
24433
4940
20464
15577
19282
10041
10433
8931
15615
1807
2530
8150
32360
20053
29905
29444
17952
15261
18151
31035
24407
2219
16614
26112
3592
3546
11473
8728
883
13500
5632
29517
30414
32257
18291
20846
13880
7834
1127
3224
17390
30750
12071
10420
21441
28780
21029
4673
15560
27794
16201
4180
13138
29421
14729
6108
24350
14482
23738
25643
8655
7661
14245
30898
8602
24232
19550
28684
27714
30926
27345
15423
17990
3889
6558
15422
31321
19209
295
19122
15634
221
3302
10745
30949
7335
14085
29039
5714
6451
12840
24557
5212
1736
25998
14224
1341
25866
28504
1724
17240
21535
8488
608
29295
24849
10990
21883
8470
29043
26623
2527
7783
4680
616
28213
22520
11808
24705
7489
21514
28292
4293
2663
7171
19604
10208
14190
11039
5359
17674
30597
13666
25299
12436
25475
23249
22150
18624
25459
6881
2804
12502
29008
7216
3737
30324
30989
7283
25505
8486
31192
7343
19278
24630
19616
7597
24731
19142
13269
168
17951
26139
6255
24648
27443
26172
6193
30164
11351
23740
18735
24227
21202
18900
22158
21971
14233
17333
23179
13886
3442
10267
6590
22698
5721
3110
928
8768
18467
24166
7244
22336
9313
28468
13186
1522
18311
21321
3313
7648
29518
21641
23990
1858
6230
25888
17184
20154
8976
18640
5814
14657
4059
26761
17275
21601
2669
1083
112
22182
7285
14056
5211
25679
12158
253
1735
3144
26135
19682
25164
4445
4145
8656
27664
21416
16072
30947
29838
28235
15046
26736
9622
23909
25380
6552
29077
16446
13906
15389
2071
3013
2777
27765
29578
16701
15167
16413
17477
32051
18730
27696
27849
29363
15305
14904
13126
9915
15728
16196
23649
32752
15490
2363
29492
32400
5012
13935
21142
12456
31951
11125
21405
13959
21654
23349
17762
27506
28521
21821
4612
1689
1802
3675
13552
18506
734
5994
26207
1893
8085
13932
8224
13072
14862
5593
24471
7339
16756
32311
18694
7687
5294
19947
4107
28626
20214
9039
18794
17494
18375
27908
2573
31332
18941
21642
30537
31882
17976
14093
11363
8332
1153
8322
6483
6930
6448
31987
16071
23455
8460
29719
27499
25794
2229
8998
24168
29840
25407
10475
29482
4433
5152
14363
14951
20090
20556
9189
9309
24028
15006
6858
8283
16666
8058
943
21890
12128
5041
12593
22733
850
31396
24376
1103
17731
14253
11983
21436
9640
3770
5171
27179
31692
30779
27433
9498
7365
27711
9621
24755
7846
26841
18505
20814
23542
14281
10779
5686
19297
14168
10554
27056
32686
10884
19138
4665
25585
21597
30861
30992
2050
25263
20813
2548
4397
27617
16087
16431
9003
1053
18114
1235
21841
11698
18737
16964
2056
10422
8685
20726
11901
26095
24503
8568
24730
8436
1500
18354
18740
25999
3081
19307
17542
1126
4193
25102
17118
15066
28621
30125
17302
4656
14483
7494
31814
14830
11051
27205
56
24968
15694
12107
31772
21820
21327
9262
23037
25147
9134
2881
24948
17929
30955
15317
10268
11558
17816
13823
26181
1262
16050
9116
1005
9406
28721
27283
29164
4696
32734
13402
9070
25993
4709
3772
15270
3849
1707
2521
17345
1698
31585
30574
32025
9364
21210
12118
9132
10809
10521
32081
13516
15845
28719
7173
3608
24080
9924
24898
30890
4023
23795
32650
29842
19455
31579
209
22659
28956
114
24193
6605
14961
10269
23233
20619
1016
12670
32503
19486
23781
14093
25483
19418
11654
19691
9455
12286
29806
22899
10716
14058
24274
23569
7902
6796
16435
5719
19218
8732
11581
19277
8750
31753
15856
2313
14275
29747
15101
12416
30655
23130
14963
12188
18486
11478
28570
8591
30818
23433
12831
18790
8424
14099
114
6881
22876
24644
365
17794
26376
19415
18742
30180
18665
11869
25958
16718
17659
25719
29803
28552
23223
11080
19499
5869
16089
15658
29673
16066
17510
9888
30061
31686
22254
26509
18783
15114
27150
13475
25333
12035
570
27933
7886
4830
15033
6321
6429
14355
27889
448
12041
4669
23781
16337
12116
13609
3836
17981
32315
31021
11012
19243
12446
14779
4214
6847
25185
25141
32764
10895
19474
15619
32304
343
23500
14564
21415
18157
21851
6273
20014
4215
15776
16456
10067
15579
5431
5751
13352
30071
9816
10615
16963
10003
27131
4204
17929
1811
18496
14858
15917
30961
14349
7594
28787
26603
505
669
25530
26873
10857
20928
15161
14594
18168
9552
22281
27471
17181
2816
24035
23616
22536
11337
5164
15422
15308
20738
9262
18160
19395
28720
15273
31410
13870
17183
8842
25667
26397
3762
12026
21181
15503
5879
15002
1995
17881
28926
32013
14358
4684
9964
28600
28672
21266
25163
7877
12437
21593
4260
2926
22718
4532
13904
888
11960
27069
25483
4605
7621
13568
32714
28015
31778
17428
24399
1754
27960
2315
22266
7785
13334
28685
16994
300
2591
11071
12324
21528
19968
30185
10363
4176
7910
4825
16913
5283
14317
2562
30997
28757
8155
26985
31886
19234
270
3394
26095
3712
15795
13141
3819
13349
5177
23975
31114
24009
26629
18519
32381
6701
616
30406
13743
31580
24526
7162
19740
25136
23864
25157
16870
8985
23020
22049
12197
26650
8554
30815
10751
29716
12707
15233
21626
11079
12646
28772
11405
1302
11035
26146
14845
19210
24499
16694
6503
18714
17887
19937
5400
21290
2432
20941
16421
17361
8031
8433
18361
22623
16671
31156
28329
3615
25968
27733
26446
25817
2181
20874
32659
10907
22727
5223
21325
13497
7115
21378
30923
10771
24449
7509
23470
17046
19375
19427
14843
8198
10142
17311
30575
9210
26644
6537
15123
26408
22913
25754
2832
13794
14973
15970
23235
13793
23154
14064
16148
6466
4246
16370
15620
718
7965
21277
26246
32638
22188
22479
14736
14654
3600
3059
30065
18162
16944
29734
23141
15799
29248
5911
1895
26475
3128
2100
27206
17007
32133
1411
30203
11947
15358
11469
4922
27603
23321
3074
32583
19689
351
4313
3339
17668
21021
7095
31847
12623
8029
14802
23496
1108
30740
19094
10236
13947
26269
5192
7748
8141
29542
3049
29866
7934
16362
21597
27796
12715
19935
14540
29594
25056
18096
9801
18069
11485
22317
26801
19192
18202
29570
11990
4708
24968
5989
6621
15478
21530
22164
23525
10980
20868
20863
10730
15304
2115
25153
1256
32315
21725
5589
7747
5414
26986
17799
23398
15445
3667
25768
15530
9165
24666
22150
11130
5472
12250
24732
29622
6270
25936
3333
27732
2126
3867
4407
4941
20477
31872
3309
8375
16727
2545
13669
21806
14740
655
16588
1913
2164
15085
9719
13675
19854
18711
1107
7174
16356
32211
18463
6887
5052
806
24280
26334
29355
17434
4085
20444
14835
447
19925
7698
29455
14704
4854
19031
14987
16471
8039
5578
2329
14388
10880
17593
4834
16729
23760
194
12570
3577
9815
9784
2519
15011
17653
201
27171
4106
3875
15197
1615
4615
22241
1856
5259
32737
30959
16004
30132
10699
27712
1441
24685
16302
26028
12383
17009
32041
25573
28150
19496
22231
14252
115
23160
3280
23621
861
13021
18034
13352
1433
17852
7009
32249
31371
27380
11724
5562
18046
19639
14834
22080
27206
29848
16101
12003
4643
12004
9358
16762
3049
14390
754
7303
26718
26950
28339
26030
19428
21762
28378
2156
12888
3296
32723
15621
10809
32626
18361
31678
19213
9531
24533
12365
27392
28609
22369
16782
22479
12003
21393
16759
5860
24685
28884
22862
28867
7658
18775
17945
19364
7353
17610
31063
6497
29795
5480
12781
23699
7980
1585
8547
2296
26856
32378
29008
17177
16400
24232
15635
17193
7445
6713
21444
24367
29684
13060
22123
104
25611
31169
1647
2022
6699
14283
22609
26238
6382
9765
7833
27617
23371
21947
24849
4361
1383
27883
13362
16855
6062
24132
9436
27130
22563
31886
3146
18706
26100
4106
24644
21013
11090
20731
21398
6642
8575
27492
23234
6517
6953
28692
26866
18027
2294
22240
31024
18438
27744
30256
14297
19075
27843
5053
24655
13833
17076
29336
8943
19669
28053
623
10051
29844
26470
5132
32376
12048
19166
14110
6674
1551
8123
9532
6878
28280
16726
24103
3112
26296
4986
22863
24367
21604
31094
28825
15062
25888
17265
26720
29596
30399
1534
14522
16334
19116
4081
31740
31740
2184
29296
9856
5033
21524
20301
27557
25158
31314
24979
29720
8290
31207
29790
18770
12571
27332
15344
6754
25560
2309
17666
15853
32314
26393
28248
5491
8783
2852
8344
13779
25865
31649
14428
30994
10479
32588
22150
23896
4371
5183
2772
21819
8260
25179
3252
27968
22660
11497
30297
27295
28349
1921
13838
18247
26287
21035
10698
12066
11053
16581
6405
25242
30345
29093
203
8796
8013
22399
26127
2140
7467
31368
8769
29209
23095
21723
24099
24610
9300
19996
11992
28377
21228
6748
2365
19575
29925
61
32637
20560
6864
19031
31968
5977
4451
26586
29668
18919
8233
116
12943
28345
8312
32629
20739
28473
164
23089
28243
12543
1906
5541
12181
26775
27599
20318
13625
2436
5314
19863
31385
30596
5536
23202
21456
23830
14975
28553
32208
19258
14572
29172
29871
1656
22753
2381
1090
9507
10737
20259
18157
25311
6342
24268
1721
19809
30925
2127
13479
11894
22064
10881
27205
22343
9221
30829
10622
12507
6853
11769
20150
13789
23295
30663
26903
14752
10317
4698
27941
8288
20616
25722
30105
27851
4920
6361
1644
18111
7502
31478
1586
24406
27926
6978
25001
22048
12903
32386
3474
943
32541
23668
23231
19801
23496
12725
20590
26169
5286
10466
213
8567
21199
7933
3070
14793
21936
18195
17621
12858
24762
12572
11392
13355
12635
14371
14318
3735
4398
7079
5043
15003
22639
18496
23059
2357
29873
4998
28508
24140
18387
28462
30842
7408
29488
22390
8133
10468
25366
196
7197
8537
11898
2185
11833
14589
7913
11628
2108
20276
29890
21157
21385
11941
15267
21158
18649
5369
17185
25857
3723
26591
4028
7046
20795
15188
22545
15019
19093
3361
25170
28978
10859
22949
22004
13061
5638
28116
21927
15205
12730
6784
30091
31299
26813
11480
24993
28910
26426
20526
18560
16879
31392
15613
24137
30769
19520
22826
3036
18790
10775
11658
7756
22437
20968
21669
2705
13912
29327
18105
6525
13909
22417
9986
4082
15691
29431
30265
10065
11360
14685
20059
27189
6680
1094
2987
18786
25465
28338
1786
31992
22637
24563
17702
1517
1895
14524
16353
25529
27721
22139
11187
21075
1670
24808
24386
9309
6787
5598
16338
3483
8772
1899
22280
29098
12612
35
30195
2799
20388
441
2381
32205
4232
4560
765
11291
26559
18702
31969
23765
674
22642
30923
3089
10302
30952
25033
30517
25781
31003
12970
14696
993
23947
26045
3142
7995
18143
4572
216
17147
4732
22697
17603
28289
26966
2584
18367
29684
12550
8494
21835
31529
4894
32264
30368
11206
3769
286
12515
17063
18518
27593
29598
5760
3046
10755
19313
20420
13603
26990
11525
22470
29220
8601
27714
17183
5166
29054
13250
15183
25294
30287
4229
11175
9508
32626
26086
13670
21890
17354
24013
12066
13110
31800
10535
13161
9891
1889
9363
681
11159
31410
13662
15437
13784
17570
29362
13097
17408
17463
28426
24856
5259
31180
13801
15843
12591
13585
20940
32101
17516
25683
28253
30957
28003
26878
27369
18404
1515
5472
28948
19376
3810
14255
25548
13015
14017
22094
14971
14184
11891
332
7297
7319
16488
23854
20705
12199
24037
19182
22074
20493
5790
20803
14074
17106
11910
11043
28110
21817
17894
8070
28253
4770
18348
1646
9781
4526
4614
7972
2565
7332
3376
7108
782
14611
9355
1531
20692
21177
21998
24848
13081
3492
19264
11553
28683
919
12871
12208
2749
28847
18107
9566
15828
4934
17055
16629
3715
17176
10449
7084
3001
932
7647
31399
3480
5590
17180
3518
2346
19682
18419
2943
19535
10867
9596
20086
13818
1541
14413
22444
16029
17295
11411
23149
25826
23910
28769
13646
21148
17758
8263
31855
19965
24882
8743
30974
19209
9766
25156
16892
12618
6122
26268
21060
10694
11970
11384
16329
2350
26852
1089
30751
10840
2849
24469
9789
19695
21704
17818
9601
19562
10952
24978
9716
17210
32276
24496
26064
28232
29004
3114
9279
25758
409
26768
12646
30564
14041
11100
16290
19983
7932
24010
23057
4821
6317
3050
9301
17252
12597
15091
18324
31187
6557
6618
12483
16857
30483
8227
1061
20029
4752
3832
27150
8845
11191
2168
6381
1299
29439
12625
16521
19717
28436
4241
14987
24828
20859
8633
9277
31143
32373
19731
17809
31937
19495
14918
26981
1088
15607
12584
2821
26064
14649
31955
31986
20095
3083
1275
27874
18106
10109
4479
26887
12920
29686
27709
19092
8629
11987
21803
10622
1314
7248
31908
15743
6939
4268
30719
20577
10457
5256
25702
9593
21481
10385
11237
31346
12252
27742
8386
1356
21569
11419
25357
5027
3792
7272
17527
12085
1512
15868
7784
27551
24380
16014
20043
16743
16073
18805
19501
6719
12811
5774
3974
29320
23408
14302
13910
13334
29197
27256
8820
11827
27023
28321
291
20198
22133
11059
28903
373
25213
8255
14743
22056
25948
27894
19122
22352
30130
27850
29686
12168
1597
12240
3119
1339
25421
21097
31310
12134
9336
30753
21690
10143
26254
28119
2795
23895
25040
14111
19764
20060
12380
2788
9952
2209
22764
850
32385
31042
29120
1266
28805
11459
28633
8471
14346
25753
30312
30586
6644
9707
14982
23329
1596
9625
20261
16005
25482
13694
27975
10995
14599
5874
3182
18227
10860
22163
24403
12648
31328
5446
2266
12343
1792
25208
7494
32555
29887
2986
17321
14936
31600
1324
2975
11583
2465
20520
19260
2290
12843
483
6467
17785
6151
20544
14233
12915
19555
18310
505
31488
21237
3426
13544
8415
16528
21808
8428
13012
10229
26998
7673
16973
18667
28337
21292
23620
13714
17237
9916
2407
25076
8463
27181
6519
20957
25421
5830
15854
22765
5888
11846
14308
8427
14240
5075
7475
27228
15729
28979
30938
15188
24838
31806
19103
28813
14339
12435
10745
25782
3879
20875
4140
8717
9609
18539
3510
21040
11553
13022
28394
24624
13451
13730
5083
232
24072
26497
32635
5517
1990
26755
25092
7302
18785
31074
8855
9341
27305
10046
11299
30134
14246
24466
393
26015
21977
103
23806
2217
32453
14535
24240
13911
17326
19829
3756
5012
16033
5595
13823
5962
21684
17732
21275
15664
28047
21579
11645
23268
17451
7827
19597
19257
13530
2233
21958
25554
11400
17031
5654
26864
7488
31083
14984
29576
7154
3879
31776
32153
2931
10441
17158
2236
30917
10718
1256
4861
3225
28643
25241
19945
13842
25084
18686
19432
29388
10473
6442
6093
22557
9013
7112
27308
16794
27056
17337
29675
18653
30752
1023
26524
27270
20020
15578
18186
31872
7353
1072
6034
22918
21264
19762
31669
26085
8416
13117
25195
20867
16392
27646
16569
15136
6872
9434
2437
6364
8832
20365
22442
2553
27080
8721
32328
30179
22530
19905
29533
7277
2109
12734
18586
31582
10428
3218
9839
11564
28327
28947
32105
9479
29183
650
25021
27673
1495
15381
17701
17421
24770
18250
746
21198
10632
9757
29250
15249
15389
13316
29405
18709
15059
16985
10171
3369
16334
21503
21568
6512
17080
15432
3978
13665
1719
9494
16898
13713
9372
16449
8497
22581
1374
10297
7638
19170
24774
13293
30773
15768
5227
16875
28337
9983
26337
16072
15005
7664
2862
27330
20304
27703
30845
8868
3959
16024
27159
12266
27824
5648
7054
25638
9556
24156
5435
930
5267
19904
7403
17223
18631
29185
7894
23997
21506
3763
8913
980
2793
12475
8644
11299
9670
6924
20317
1519
30680
28852
11270
4942
12526
16412
29461
11915
23860
21387
14659
32461
5964
27373
20320
8180
8352
17107
15685
452
21495
3258
26889
16965
9799
15504
15992
1897
10698
20340
27328
7152
18260
28606
110
21385
8676
6719
6041
31290
22649
10442
15965
21249
6695
26098
19852
27068
16489
3606
30111
15430
25529
24987
6131
32483
7774
11385
16434
32734
29062
26361
21006
28272
148
21437
16182
2276
5819
16128
22914
30201
10956
17183
5489
19848
21836
13912
20694
5222
27850
9682
29134
12172
15471
478
29173
4725
2263
24445
10714
11464
22303
29474
28848
23351
10816
10425
25670
24487
10907
31975
27961
9361
27605
31636
21352
20392
17636
1959
30376
26556
28266
20496
32697
4574
23362
5644
7545
10693
32601
10404
8792
14704
30912
14711
5644
5133
20223
28346
3974
6170
15531
22141
27428
23754
14139
7984
12584
20138
10519
14693
16489
32644
4594
18136
4424
11651
346
31404
9446
17817
8077
20215
29844
25886
14479
13185
30091
7866
32121
6601
1246
1668
28692
585
20396
18795
11430
28411
2970
21462
1548
24348
4992
19335
10249
14384
15459
24773
13278
16454
30372
15034
2843
3453
3958
794
15540
3783
9877
21765
18519
4589
11318
4911
11261
27348
31545
26942
28608
8190
25510
31859
9196
16467
14679
3981
1368
17954
15090
7658
15351
11107
25883
12784
26538
4927
1511
31403
28504
11474
9363
25783
17985
13103
4470
14945
7055
11940
12852
3849
10286
23360
24117
31179
3806
22675
24405
25438
647
1717
27357
27451
9932
13450
9907
10242
24290
835
3789
18202
32419
9000
20203
20376
4574
19861
25734
3171
11762
8259
7427
24981
411
15817
17453
4388
5899
22371
5858
12993
31805
1009
19980
25344
17798
2115
21972
28090
7789
29843
1298
30640
23740
15187
26887
27504
18903
9514
31054
11645
5709
17977
18448
23466
11181
22690
632
7111
20635
8267
21862
15743
21282
15327
2664
13185
11596
1814
28902
10206
22512
29239
26524
12210
16332
29403
6733
25095
4307
29171
18358
22006
19400
23308
9154
19471
23052
12498
10748
1788
5045
19155
29769
5984
27615
8326
27095
7941
14151
17804
23121
20279
16662
31541
22869
9835
8698
31558
28199
12581
3451
24570
27559
21016
2445
19782
1152
21902
17505
16225
28579
21514
31873
8836
12532
10284
12060
6127
23106
31702
158
3116
22653
12429
4996
663
8483
10018
16751
14878
21500
10897
27255
3910
9479
553
20161
16238
8884
28397
9812
29016
11347
6203
27432
9957
11469
11179
2432
31776
28050
13370
27258
22398
5586
27816
3301
28517
10736
4382
8274
18666
7988
29716
22126
5087
22464
23154
24207
2061
6853
25333
16268
10174
23798
31957
978
2943
27965
12709
27572
6947
22957
18042
6659
22539
8377
30799
28383
7333
675
22440
1228
30003
1847
1910
1033
30158
3000
25403
16413
12714
27931
20590
21426
14235
8819
16161
11942
14296
23469
7649
19040
14080
30845
17630
30816
29274
27544
7244
32538
22881
24100
520
30981
16512
10092
12927
10735
12570
27865
14540
16019
31437
32286
10784
10861
27128
16818
12391
6093
18298
17795
10280
7723
1469
18409
21933
12986
16116
19672
30053
1855
26784
4955
11142
19236
24665
32573
5878
712
13771
19209
2924
26906
22015
5686
14035
3942
31708
9115
13807
12143
2541
23593
23618
25533
12644
27096
13105
14904
2655
32482
29795
21750
363
7472
874
3410
15942
29201
10917
19774
26602
6706
8036
4826
27078
25035
4430
21061
7759
21782
18688
10674
695
13573
6647
7103
22524
9268
11184
17411
21797
8221
24077
14822
20169
6795
19707
5558
30672
18257
14162
19447
8061
29243
19709
21242
4269
28997
10330
18097
30297
1803
30435
32449
26978
18817
5391
19161
2958
24804
8563
18754
21453
13040
19245
3000
28610
20052
24450
32377
24190
10851
23238
17819
10383
3852
124
1186
22841
14604
16063
17490
7427
3682
24801
27330
10614
30467
21841
31154
21025
11728
2754
1822
28384
7621
10377
9236
30558
8051
9799
9666
30681
10928
1737
1235
17189
20621
14892
18172
1524
4488
27461
9937
8020
25603
15424
28126
25209
32501
13958
13555
9661
15584
29157
32447
17125
11011
14059
24736
27814
6352
8338
11706
32104
15264
291
22599
9033
15014
3668
32045
3429
14113
6323
19926
32341
9430
21064
19516
26613
1726
26742
3395
29802
25596
29987
30028
8292
2321
2841
8967
19105
26963
25003
31880
23731
13468
25499
4766
28930
30015
9531
20064
6676
19008
1491
7432
12044
4548
67
3589
16753
6086
28393
5963
8241
7436
18117
29678
3046
19033
3547
20719
87
25573
4313
15446
14146
20746
7162
2688
18521
19520
15146
9659
2698
20299
17771
31760
6787
4019
14199
32608
10870
8053
8615
27571
32537
1528
11539
18380
15858
25922
31739
21505
28881
32620
26982
23369
25246
12371
27656
6807
14676
12177
8297
12902
29006
11948
15940
22165
7618
10124
32045
12406
4747
28467
11383
10018
23339
24744
597
527
8976
13364
26175
6628
29462
22225
15000
2955
26702
21984
27021
8584
18430
13082
14656
26506
5352
13513
11046
7232
2511
1592
27309
30062
7480
15464
3875
27200
29294
4868
13523
30686
23496
30103
12657
5184
21038
10493
26552
17220
1498
10520
32337
510
27740
3780
32247
31823
28641
4620
6873
16569
9140
31902
11583
26225
8709
8316
7537
22966
30442
9973
18133
16994
15523
19412
5719
14527
19746
22743
26637
15515
11467
30050
26651
8863
4728
7797
31445
27612
12480
23260
28708
15271
9337
32677
1579
24487
11387
6359
32554
7724
3751
19041
20130
16066
20008
15697
8634
263
5881
27974
18145
30137
679
27176
14517
28179
6745
25110
20515
30042
14861
1952
25040
2227
14628
10295
19128
311
31777
1761
12310
25673
21422
20274
30339
3623
19680
13431
13409
27328
22203
4404
9082
12486
24825
6865
21989
21251
22535
32144
12842
7152
8785
29890
31397
10116
703
13115
25648
12106
1151
12291
32764
23734
21510
11086
31936
5561
10577
32686
790
30611
10097
5000
12577
29673
21830
32453
31092
17431
5003
14537
26927
9927
13330
25257
6507
7107
5713
408
20441
4615
27934
15779
4773
15387
4535
30879
13217
32415
2053
20831
5791
11559
6178
26410
14110
2378
8472
29035
12586
14326
2284
32683
20861
8454
28123
30141
28906
27927
31971
6200
7932
5527
4485
15659
24538
15134
714
29963
365
13826
16772
16368
19397
5414
11222
8961
4281
32530
14838
12845
24270
10569
26674
25117
23387
22998
561
13926
2026
10025
13180
8194
30432
27169
316
8193
13153
5738
4422
636
24686
27913
25172
17867
21328
15669
22933
503
11578
10089
18793
25714
14378
5815
21861
5126
2832
25695
22430
4364
14642
22944
11044
26078
4303
974
32716
15247
11522
3749
6963
9945
24298
6365
11007
16726
12808
14078
3176
25331
4072
6262
11512
4003
18180
745
26766
27984
30949
6088
2217
22039
13195
6181
18659
23220
14863
6854
1212
18747
16519
26744
29337
3082
7978
29349
4109
29947
16565
6185
9046
18654
20493
11362
30251
7974
26917
29830
11701
27106
20770
3898
25563
14831
31165
31328
26050
4972
21481
11056
15252
26223
13750
27786
23937
32758
22390
30602
14852
1825
11294
31326
29032
23198
6383
340
27274
25188
20565
30263
9440
10660
21519
10716
27578
21756
25232
7160
20168
18671
21413
30004
989
5266
10329
26500
5618
29831
21014
26804
1390
559
29964
31556
15781
25372
10710
31093
926
3269
603
5796
16921
28798
22003
2775
22224
9127
6348
7318
17662
22563
17035
31996
28958
14604
2102
10765
18933
32676
27985
19274
722
21647
28743
15491
17173
20800
22028
15085
28398
13746
22785
26740
28007
9816
16152
6482
4005
1622
6968
8161
32106
16881
15843
2733
19167
7492
6422
2254
7057
23349
7024
26741
30393
20648
18071
25540
12480
14323
1240
12259
3586
22673
525
592
723
22298
3012
118
13503
16754
15517
19842
8470
11073
30452
10866
3241
28324
29376
23662
8398
25891
25275
19804
22954
11490
29892
6831
10671
19995
12673
1663
30307
21707
32584
32479
21091
12972
19520
12139
6312
32100
9155
20768
19722
23804
13063
11377
26114
16019
254
406
25524
8020
23930
19240
22573
933
19349
3819
17641
28321
27472
12523
29080
28105
9850
31946
8225
3318
9428
22872
16872
18067
19314
23140
4685
17416
19300
9426
14965
633
918
22766
25164
12209
14837
30464
21194
21337
28627
29217
3446
6254
21901
25932
32041
19186
8555
7864
9237
24033
19911
30053
27397
3430
626
7413
30182
29007
11603
27582
8583
5055
3665
18205
3741
24610
14964
10765
24074
32358
23110
31224
607
28265
10112
7629
19103
30637
28130
2898
2630
16723
4963
16060
649
9799
27530
20605
28896
6584
23068
7517
26306
12235
2295
13516
20143
7824
13630
374
17012
19253
22454
24601
5803
14201
11376
6291
16257
25444
23977
27968
29372
30517
21998
13442
11004
18845
32132
12449
28736
5674
26374
6614
2477
30726
12112
3746
31883
31969
5276
24164
31889
25644
2283
25131
12642
24200
17319
22473
30039
24958
5766
29481
29055
25456
2481
6626
15076
5071
806
32011
21776
25487
32090
1362
15824
29144
4387
17736
26168
12543
22230
26111
15591
22452
25260
16855
11661
29309
24683
8597
14762
10595
4674
20405
3736
3562
14068
30210
15563
1351
6969
31075
29784
8910
23137
18424
27316
1706
4666
19813
19902
5328
3636
366
26624
6198
11715
17605
23090
9791
2565
31
3584
22138
7845
14733
17934
8845
31231
5130
28472
620
14468
27984
5918
6351
20320
3569
11232
994
27227
8098
26918
9790
24829
24026
5732
31768
1782
13468
31324
20664
23485
16784
10212
26669
23926
27481
2025
28992
793
803
17588
21414
8657
9339
31340
11898
16802
18276
20700
6890
9551
14503
25207
1840
2427
27754
5273
15812
24334
24324
17680
27855
1242
30736
28891
16867
17535
9152
14385
28138
5771
5749
25542
9565
29158
28300
20297
28855
10862
10362
23857
24872
8926
6427
22457
32141
22004
25159
25385
31648
31443
5543
25944
6508
18598
31174
1647
11013
7558
9579
12015
12405
3230
25895
9974
2041
6028
7978
15038
4206
5899
10586
2150
20486
5839
17831
23285
29503
10417
14488
13980
14358
29452
11818
31291
6519
32359
24795
14887
20217
1620
14082
14379
29896
20887
19041
7372
28642
21899
3581
21969
25223
10434
1582
15875
17642
2284
18162
29234
30253
30714
11398
30584
22924
13443
568
5826
21465
4454
2935
4491
15656
28849
9004
5099
6859
26049
25933
2001
13697
17067
5806
11660
24554
5339
16155
7569
318
21755
10661
6008
14399
19991
16185
16967
10860
32766
28535
16883
21368
235
7104
17956
26874
8804
14481
30265
9830
23907
6416
24204
5436
18868
6373
17143
9599
9374
6219
31383
10857
10949
32359
14543
3933
18767
13784
26512
22813
27206
22415
30424
18237
24637
30689
17785
10712
13623
18906
1820
16257
24772
3285
19333
12156
10605
30793
2841
29743
13650
6630
23709
18899
3602
23009
14400
30063
7147
6540
27612
30727
23587
8233
9337
528
22182
18944
12563
15144
5872
11695
25245
12804
11309
11202
11589
2218
29855
7299
28410
12512
14401
4115
32555
19684
22186
21690
27602
2141
3123
14204
1970
32146
4700
13037
11740
31450
8044
70
24184
15443
2392
16055
6338
28119
4070
9471
5715
2348
4626
28987
19362
25723
12977
2811
20938
1284
12372
2971
7566
2575
29807
8401
10138
17446
7611
32130
27147
19585
2520
19674
22322
12482
8759
23451
11669
1763
28727
27573
19767
32108
15502
26136
29210
15337
15851
24262
30721
10139
6874
7980
2938
24686
17127
10930
27676
2603
25350
29073
9230
13807
31026
9700
22729
32732
19285
26371
6430
13582
17768
14092
19578
5584
731
28354
10089
2064
1847
9115
18777
19985
27138
13332
26529
5472
31203
28232
10689
29193
6918
1217
6891
6666
25794
17806
21699
29960
17017
18325
18276
21569
7104
555
17059
26306
18368
738
9367
15834
20444
13730
20825
30158
17813
29436
22536
22222
12202
18618
26896
552
21123
12475
428
32700
22479
10750
28842
16304
6509
26620
6255
25701
5000
3131
4666
26793
16903
7712
5805
30254
27940
13573
20361
58
10586
2187
30393
30369
3717
23345
26258
9457
27205
29478
32601
4588
29091
5468
1541
29499
13815
14046
24647
2400
24841
22627
20936
30701
31862
16419
7858
28147
18517
1513
14193
12990
25883
9578
20923
27327
21692
2773
4813
10442
5907
19883
12024
8066
25988
3537
8797
1809
20960
9956
26357
2844
19592
11724
19412
21749
21974
27796
20910
1555
24248
20600
12442
14016
7326
32320
27414
19730
21655
205
4683
16412
25014
17906
8083
7013
31419
23941
1849
22170
31471
11957
26752
21887
12880
6045
32486
9259
238
11034
14505
17269
16789
218
5771
6570
18348
19382
14546
23425
29789
10818
15764
336
9975
26018
21553
7295
3216
4767
10785
8509
4846
18682
5360
30835
680
25855
7558
28150
1160
1886
20652
20225
5684
18231
30924
19682
12813
19060
9464
30707
11864
14427
8494
26316
6044
14947
17371
23991
2634
32583
13469
2661
20387
29786
4173
10207
16855
10522
3645
7870
15210
4359
2750
30111
5596
6070
6886
9682
31625
15137
3472
10322
4302
8257
32163
20218
14445
21983
22936
15861
30515
14759
1078
6519
15064
13182
29344
15274
2086
15125
27538
1772
21597
23486
19432
10295
3543
10879
29792
24032
6120
25189
17568
5765
15880
6939
18299
31809
25140
19899
29808
16417
27281
7140
10867
14812
12883
3341
18417
12222
477
13849
1038
23270
21033
32555
27953
31665
24427
31675
12482
4726
20209
2282
4146
4212
27726
9746
10044
5384
16823
15266
26475
2852
4013
17449
27869
15100
26589
2992
4166
9218
28484
31053
23095
13077
2966
5877
15265
10485
32737
19346
12181
17659
15469
31573
10829
2055
26088
590
31088
9145
22463
15674
31122
27108
9679
5276
17658
20543
24893
15887
16297
23646
9378
10202
9368
3041
11116
17093
30784
3308
30849
7723
1119
23255
20517
2641
16634
4902
2333
13558
20126
5819
30996
29739
26092
19274
63
13157
24661
4366
30781
14033
15905
16570
2625
10471
19894
17843
12402
9794
22551
10364
26258
15279
30379
7537
19934
2692
30272
27577
18486
1843
27471
16502
20094
1566
23425
16958
1604
2733
8307
30927
23203
3230
26550
23806
7271
10141
29723
9457
28017
26901
1069
8334
31582
12357
510
14899
19811
21654
24615
28584
10619
1580
18442
22354
21701
7355
32090
1449
13095
18588
6878
26348
2616
23072
3185
24851
27485
4900
27214
20997
2354
14053
6538
15883
31787
19478
21986
17028
14971
17712
2231
8411
18228
778
4439
30135
23728
26025
25214
28785
5681
24409
6429
7883
23748
15868
28761
8415
7019
7843
14039
22869
32378
16219
10551
28121
16962
9034
21982
11212
21741
15610
28153
9530
20393
4852
10174
6669
2825
4753
5621
384
21159
1293
6328
18390
31759
23261
19319
5195
25816
16706
5183
11083
7188
13855
14395
16610
15083
3592
6523
20340
12418
8347
500
18094
1314
3859
8136
9916
22678
22810
5832
23484
8148
13279
19255
28019
26080
22377
18897
22335
5102
13867
28940
7245
1223
21208
16286
27660
26477
10360
27711
27362
13570
22716
10928
29469
15846
5262
16892
25132
4640
29421
22526
17935
18687
10744
5667
32524
27648
24136
2930
10660
2291
31875
28617
25797
12122
20782
11369
18497
23826
21187
19892
8063
7733
20996
16950
15473
25662
1166
2787
30405
22638
7601
16543
11104
11631
27007
4868
20488
13368
7715
9311
28512
14384
22389
26363
8474
26262
28875
24483
21096
17696
12561
29026
29363
31714
32028
5773
22672
30322
1083
11011
29424
8266
6927
11188
6806
16493
14493
3936
6095
14414
18850
7329
12381
10733
20006
24876
20916
18755
30036
11860
11113
23776
11145
