100
19
301
455
837
1066
1288
2796
2986
3060
3313
3570
3906
4021
4349
5807
7418
7942
8092
8522
8579
8611
8714
9132
9282
9485
9512
9581
9632
10109
11191
11456
11735
11790
12172
12376
12785
13197
13291
13594
13815
13984
14246
15398
15566
15627
15817
16407
16994
17083
17604
18009
18544
18610
18679
19498
19600
19802
20321
20394
20768
21099
21593
21697
21749
22278
22499
22505
22737
22814
24565
25030
25345
25469
25497
26340
26483
27231
27317
27422
27575
28719
28858
28910
29000
29223
29575
29622
30429
30438
30578
30837
30854
30928
30943
31587
31779
31935
32200
32427
32603
