100
15817
32200
8714
27575
455
25345
7942
11790
20768
27422
30837
20394
22737
11191
22499
21749
18544
8092
28719
31587
9581
15627
2796
8522
25497
15398
1288
24565
26340
8611
32427
3060
21099
25030
16994
4021
18610
12172
10109
21593
301
19498
29622
11456
22278
27317
19
30438
13594
31779
9485
26483
837
30578
12785
13197
30943
29223
29575
3313
30854
7418
3570
9282
22814
30928
11735
9632
16407
22505
21697
25469
28910
32603
17604
9132
13815
31935
20321
17083
18009
1066
2986
8579
19802
27231
14246
4349
30429
3906
18679
12376
9512
19600
28858
29000
13291
15566
5807
13984
