1000
12140
12139
12138
12137
12136
12135
12134
12133
12132
12131
12130
12129
12128
12127
12126
12125
12124
12123
12122
12121
12120
12119
12118
12117
12116
12115
12114
12113
12112
12111
12110
12109
12108
12107
12106
12105
12104
12103
12102
12101
12100
12099
12098
12097
12096
12095
12094
12093
12092
12091
12090
12089
12088
12087
12086
12085
12084
12083
12082
12081
12080
12079
12078
12077
12076
12075
12074
12073
12072
12071
12070
12069
12068
12067
12066
12065
12064
12063
12062
12061
12060
12059
12058
12057
12056
12055
12054
12053
12052
12051
12050
12049
12048
12047
12046
12045
12044
12043
12042
12041
12040
12039
12038
12037
12036
12035
12034
12033
12032
12031
12030
12029
12028
12027
12026
12025
12024
12023
12022
12021
12020
12019
12018
12017
12016
12015
12014
12013
12012
12011
12010
12009
12008
12007
12006
12005
12004
12003
12002
12001
12000
11999
11998
11997
11996
11995
11994
11993
11992
11991
11990
11989
11988
11987
11986
11985
11984
11983
11982
11981
11980
11979
11978
11977
11976
11975
11974
11973
11972
11971
11970
11969
11968
11967
11966
11965
11964
11963
11962
11961
11960
11959
11958
11957
11956
11955
11954
11953
11952
11951
11950
11949
11948
11947
11946
11945
11944
11943
11942
11941
11940
11939
11938
11937
11936
11935
11934
11933
11932
11931
11930
11929
11928
11927
11926
11925
11924
11923
11922
11921
11920
11919
11918
11917
11916
11915
11914
11913
11912
11911
11910
11909
11908
11907
11906
11905
11904
11903
11902
11901
11900
11899
11898
11897
11896
11895
11894
11893
11892
11891
11890
11889
11888
11887
11886
11885
11884
11883
11882
11881
11880
11879
11878
11877
11876
11875
11874
11873
11872
11871
11870
11869
11868
11867
11866
11865
11864
11863
11862
11861
11860
11859
11858
11857
11856
11855
11854
11853
11852
11851
11850
11849
11848
11847
11846
11845
11844
11843
11842
11841
11840
11839
11838
11837
11836
11835
11834
11833
11832
11831
11830
11829
11828
11827
11826
11825
11824
11823
11822
11821
11820
11819
11818
11817
11816
11815
11814
11813
11812
11811
11810
11809
11808
11807
11806
11805
11804
11803
11802
11801
11800
11799
11798
11797
11796
11795
11794
11793
11792
11791
11790
11789
11788
11787
11786
11785
11784
11783
11782
11781
11780
11779
11778
11777
11776
11775
11774
11773
11772
11771
11770
11769
11768
11767
11766
11765
11764
11763
11762
11761
11760
11759
11758
11757
11756
11755
11754
11753
11752
11751
11750
11749
11748
11747
11746
11745
11744
11743
11742
11741
11740
11739
11738
11737
11736
11735
11734
11733
11732
11731
11730
11729
11728
11727
11726
11725
11724
11723
11722
11721
11720
11719
11718
11717
11716
11715
11714
11713
11712
11711
11710
11709
11708
11707
11706
11705
11704
11703
11702
11701
11700
11699
11698
11697
11696
11695
11694
11693
11692
11691
11690
11689
11688
11687
11686
11685
11684
11683
11682
11681
11680
11679
11678
11677
11676
11675
11674
11673
11672
11671
11670
11669
11668
11667
11666
11665
11664
11663
11662
11661
11660
11659
11658
11657
11656
11655
11654
11653
11652
11651
11650
11649
11648
11647
11646
11645
11644
11643
11642
11641
11640
11639
11638
11637
11636
11635
11634
11633
11632
11631
11630
11629
11628
11627
11626
11625
11624
11623
11622
11621
11620
11619
11618
11617
11616
11615
11614
11613
11612
11611
11610
11609
11608
11607
11606
11605
11604
11603
11602
11601
11600
11599
11598
11597
11596
11595
11594
11593
11592
11591
11590
11589
11588
11587
11586
11585
11584
11583
11582
11581
11580
11579
11578
11577
11576
11575
11574
11573
11572
11571
11570
11569
11568
11567
11566
11565
11564
11563
11562
11561
11560
11559
11558
11557
11556
11555
11554
11553
11552
11551
11550
11549
11548
11547
11546
11545
11544
11543
11542
11541
11540
11539
11538
11537
11536
11535
11534
11533
11532
11531
11530
11529
11528
11527
11526
11525
11524
11523
11522
11521
11520
11519
11518
11517
11516
11515
11514
11513
11512
11511
11510
11509
11508
11507
11506
11505
11504
11503
11502
11501
11500
11499
11498
11497
11496
11495
11494
11493
11492
11491
11490
11489
11488
11487
11486
11485
11484
11483
11482
11481
11480
11479
11478
11477
11476
11475
11474
11473
11472
11471
11470
11469
11468
11467
11466
11465
11464
11463
11462
11461
11460
11459
11458
11457
11456
11455
11454
11453
11452
11451
11450
11449
11448
11447
11446
11445
11444
11443
11442
11441
11440
11439
11438
11437
11436
11435
11434
11433
11432
11431
11430
11429
11428
11427
11426
11425
11424
11423
11422
11421
11420
11419
11418
11417
11416
11415
11414
11413
11412
11411
11410
11409
11408
11407
11406
11405
11404
11403
11402
11401
11400
11399
11398
11397
11396
11395
11394
11393
11392
11391
11390
11389
11388
11387
11386
11385
11384
11383
11382
11381
11380
11379
11378
11377
11376
11375
11374
11373
11372
11371
11370
11369
11368
11367
11366
11365
11364
11363
11362
11361
11360
11359
11358
11357
11356
11355
11354
11353
11352
11351
11350
11349
11348
11347
11346
11345
11344
11343
11342
11341
11340
11339
11338
11337
11336
11335
11334
11333
11332
11331
11330
11329
11328
11327
11326
11325
11324
11323
11322
11321
11320
11319
11318
11317
11316
11315
11314
11313
11312
11311
11310
11309
11308
11307
11306
11305
11304
11303
11302
11301
11300
11299
11298
11297
11296
11295
11294
11293
11292
11291
11290
11289
11288
11287
11286
11285
11284
11283
11282
11281
11280
11279
11278
11277
11276
11275
11274
11273
11272
11271
11270
11269
11268
11267
11266
11265
11264
11263
11262
11261
11260
11259
11258
11257
11256
11255
11254
11253
11252
11251
11250
11249
11248
11247
11246
11245
11244
11243
11242
11241
11240
11239
11238
11237
11236
11235
11234
11233
11232
11231
11230
11229
11228
11227
11226
11225
11224
11223
11222
11221
11220
11219
11218
11217
11216
11215
11214
11213
11212
11211
11210
11209
11208
11207
11206
11205
11204
11203
11202
11201
11200
11199
11198
11197
11196
11195
11194
11193
11192
11191
11190
11189
11188
11187
11186
11185
11184
11183
11182
11181
11180
11179
11178
11177
11176
11175
11174
11173
11172
11171
11170
11169
11168
11167
11166
11165
11164
11163
11162
11161
11160
11159
11158
11157
11156
11155
11154
11153
11152
11151
11150
11149
11148
11147
11146
11145
11144
11143
11142
11141
