100
18698
18697
18696
18695
18694
18693
18692
18691
18690
18689
18688
18687
18686
18685
18684
18683
18682
18681
18680
18679
18678
18677
18676
18675
18674
18673
18672
18671
18670
18669
18668
18667
18666
18665
18664
18663
18662
18661
18660
18659
18658
18657
18656
18655
18654
18653
18652
18651
18650
18649
18648
18647
18646
18645
18644
18643
18642
18641
18640
18639
18638
18637
18636
18635
18634
18633
18632
18631
18630
18629
18628
18627
18626
18625
18624
18623
18622
18621
18620
18619
18618
18617
18616
18615
18614
18613
18612
18611
18610
18609
18608
18607
18606
18605
18604
18603
18602
18601
18600
18599
