10000
0
2
3
12
18
19
26
31
35
56
58
61
63
67
67
70
71
75
78
82
87
91
91
93
93
103
103
104
104
110
111
112
114
114
115
116
116
117
118
124
127
148
149
149
155
156
156
158
160
163
163
164
168
182
194
196
200
200
201
202
203
205
209
211
213
213
216
218
221
224
232
235
238
238
251
253
253
254
257
260
263
266
269
270
273
277
282
284
284
285
285
286
291
291
291
295
300
301
303
310
311
316
318
323
324
326
328
332
336
336
337
340
343
345
346
351
352
363
365
365
366
371
373
374
384
387
390
393
398
404
406
408
409
410
411
421
428
433
433
435
441
441
447
448
449
452
462
467
469
471
477
478
483
493
499
500
503
505
505
509
510
510
513
520
525
527
528
530
547
547
550
552
553
555
555
559
561
563
568
570
575
583
584
585
585
590
591
592
597
603
607
608
609
613
614
616
616
619
620
623
626
626
627
629
632
633
635
635
636
637
639
640
642
647
649
650
652
655
655
663
663
669
674
675
677
679
680
681
683
692
694
695
698
702
703
705
710
712
714
718
722
723
724
731
731
732
734
738
745
746
751
754
756
764
765
768
773
775
777
777
778
782
790
793
794
794
797
803
806
806
825
828
835
845
850
850
856
858
859
861
862
862
874
876
880
883
888
893
893
898
901
906
917
918
919
926
928
929
930
932
933
941
943
943
947
949
952
953
955
960
965
969
974
978
980
986
986
989
993
994
995
995
1005
1009
1016
1018
1020
1023
1033
1038
1038
1041
1045
1050
1053
1061
1063
1065
1065
1067
1068
1069
1072
1077
1078
1080
1083
1083
1088
1089
1090
1092
1093
1094
1098
1103
1104
1107
1108
1110
1110
1116
1116
1119
1126
1127
1133
1146
1151
1152
1153
1160
1166
1173
1174
1180
1186
1192
1192
1195
1212
1217
1223
1227
1227
1228
1229
1233
1235
1235
1236
1240
1240
1241
1242
1243
1246
1246
1256
1256
1256
1257
1262
1262
1266
1274
1275
1275
1277
1284
1285
1293
1298
1299
1300
1302
1308
1311
1314
1314
1324
1333
1335
1339
1341
1351
1352
1356
1362
1368
1374
1383
1390
1390
1400
1411
1412
1422
1428
1433
1435
1441
1444
1449
1454
1457
1459
1459
1463
1469
1477
1484
1491
1493
1495
1498
1498
1500
1500
1501
1504
1511
1512
1513
1513
1515
1517
1519
1519
1522
1522
1524
1526
1526
1528
1531
1531
1533
1534
1536
1541
1541
1541
1543
1548
1551
1551
1555
1560
1566
1566
1567
1574
1579
1580
1580
1582
1585
1586
1592
1596
1597
1604
1609
1615
1617
1619
1620
1622
1630
1632
1644
1646
1647
1647
1652
1656
1663
1663
1667
1668
1670
1689
1698
1698
1706
1707
1717
1718
1719
1719
1721
1724
1725
1726
1728
1730
1733
1735
1736
1737
1737
1739
1754
1754
1761
1763
1770
1772
1772
1782
1782
1783
1784
1786
1788
1788
1789
1792
1801
1802
1803
1807
1809
1811
1812
1814
1814
1815
1820
1822
1825
1826
1834
1840
1843
1846
1847
1847
1849
1849
1852
1854
1855
1856
1858
1858
1865
1886
1889
1892
1893
1895
1895
1897
1899
1900
1906
1910
1913
1913
1921
1936
1940
1946
1952
1959
1960
1967
1970
1976
1983
1987
1990
1995
1998
2000
2001
2002
2004
2008
2012
2013
2014
2022
2025
2025
2026
2026
2032
2039
2041
2050
2053
2055
2056
2061
2064
2067
2071
2071
2077
2086
2100
2101
2102
2108
2109
2110
2114
2115
2115
2119
2121
2124
2124
2126
2127
2140
2141
2148
2148
2150
2156
2163
2164
2164
2168
2175
2181
2182
2184
2185
2186
2187
2190
2198
2204
2207
2209
2217
2217
2218
2219
2226
2227
2229
2231
2231
2233
2234
2236
2243
2246
2250
2251
2253
2254
2258
2263
2266
2276
2280
2282
2283
2284
2284
2290
2290
2291
2291
2294
2295
2296
2309
2313
2314
2315
2316
2321
2326
2329
2333
2343
2343
2346
2348
2350
2351
2354
2357
2359
2363
2364
2365
2378
2378
2381
2381
2381
2385
2387
2389
2392
2393
2394
2398
2400
2406
2407
2411
2427
2430
2432
2432
2433
2434
2436
2437
2445
2465
2472
2474
2477
2481
2482
2484
2486
2487
2491
2498
2509
2511
2511
2519
2520
2521
2523
2527
2527
2530
2539
2541
2543
2545
2547
2548
2550
2550
2553
2562
2562
2563
2565
2565
2573
2575
2584
2590
2591
2595
2597
2598
2603
2609
2616
2616
2618
2622
2625
2628
2630
2633
2634
2638
2641
2642
2648
2655
2657
2660
2661
2663
2664
2669
2680
2688
2692
2696
2698
2701
2703
2705
2707
2710
2713
2723
2727
2733
2733
2742
2745
2749
2750
2751
2754
2759
2761
2772
2773
2775
2777
2781
2785
2786
2787
2788
2790
2791
2793
2795
2799
2804
2811
2814
2816
2819
2821
2825
2828
2832
2832
2833
2837
2838
2839
2841
2841
2843
2844
2849
2852
2852
2860
2862
2866
2870
2875
2881
2890
2891
2898
2898
2911
2920
2922
2923
2924
2926
2927
2930
2931
2932
2935
2935
2938
2943
2943
2951
2955
2958
2966
2970
2971
2975
2986
2987
2992
3000
3000
3001
3008
3012
3013
3017
3018
3020
3024
3031
3034
3036
3036
3041
3046
3046
3049
3049
3050
3059
3059
3064
3070
3074
3077
3077
3081
3082
3083
3086
3089
3089
3096
3099
3099
3100
3110
3110
3111
3112
3114
3116
3116
3119
3123
3124
3128
3131
3142
3142
3144
3146
3148
3150
3167
3168
3169
3170
3171
3176
3182
3184
3185
3186
3189
3199
3205
3212
3216
3218
3224
3225
3230
3230
3241
3246
3249
3252
3258
3265
3269
3274
3280
3281
3285
3290
3296
3300
3301
3302
3303
3308
3308
3309
3309
3313
3318
3321
3324
3325
3333
3334
3339
3341
3361
3366
3367
3369
3373
3376
3378
3392
3394
3395
3401
3410
3410
3424
3426
3429
3430
3434
3435
3442
3445
3446
3446
3447
3450
3451
3453
3454
3455
3455
3459
3467
3470
3472
3474
3474
3480
3483
3486
3492
3497
3499
3508
3510
3514
3515
3518
3518
3520
3529
3530
3537
3538
3543
3543
3543
3546
3547
3547
3549
3552
3556
3562
3565
3569
3577
3578
3581
3582
3584
3586
3589
3592
3592
3600
3602
3606
3608
3608
3615
3620
3623
3623
3634
3636
3640
3642
3644
3645
3645
3646
3659
3665
3666
3667
3668
3675
3675
3682
3682
3689
3692
3700
3705
3706
3712
3712
3714
3715
3715
3715
3717
3720
3720
3723
3729
3735
3736
3737
3741
3741
3743
3746
3749
3750
3751
3751
3756
3758
3758
3762
3763
3763
3764
3765
3769
3769
3769
3770
3772
3779
3780
3783
3788
3789
3789
3790
3792
3797
3806
3807
3808
3810
3811
3818
3818
3819
3819
3821
3827
3829
3832
3835
3836
3842
3848
3849
3849
3849
3850
3852
3858
3858
3859
3861
3862
3866
3867
3867
3867
3871
3875
3875
3875
3879
3879
3886
3888
3889
3896
3898
3900
3901
3905
3910
3919
3920
3922
3930
3933
3934
3936
3942
3942
3944
3953
3957
3958
3959
3963
3966
3970
3970
3974
3974
3975
3978
3979
3981
3984
3999
4000
4001
4003
4005
4005
4012
4013
4019
4023
4024
4028
4031
4054
4056
4058
4059
4061
4068
4070
4072
4081
4082
4085
4086
4096
4100
4106
4106
4107
4109
4115
4115
4119
4124
4135
4140
4142
4145
4146
4161
4163
4166
4171
4173
4175
4176
4177
4180
4189
4191
4193
4204
4205
4206
4212
4214
4215
4223
4224
4226
4228
4229
4232
4236
4237
4241
4243
4246
4252
4260
4266
4268
4269
4281
4287
4288
4290
4293
4302
4303
4307
4307
4312
4313
4313
4316
4316
4317
4341
4341
4344
4359
4361
4364
4366
4367
4371
4382
4387
4388
4391
4397
4397
4398
4404
4407
4418
4422
4424
4429
4430
4433
4435
4439
4443
4445
4445
4446
4451
4454
4465
4470
4470
4478
4479
4481
4485
4488
4488
4488
4491
4498
4498
4503
4526
4532
4533
4535
4537
4548
4555
4560
4572
4574
4574
4580
4584
4588
4589
4594
4594
4595
4600
4605
4612
4613
4614
4615
4615
4619
4620
4620
4621
4625
4626
4630
4631
4633
4640
4643
4649
4653
4654
4656
4665
4666
4666
4667
4667
4669
4673
4674
4675
4675
4677
4680
4683
4684
4685
4691
4696
4698
4700
4703
4703
4705
4708
4709
4712
4715
4717
4720
4721
4723
4725
4726
4728
4728
4731
4732
4732
4738
4742
4747
4752
4753
4758
4764
4766
4766
4767
4767
4770
4773
4782
4789
4799
4813
4816
4817
4821
4821
4825
4826
4829
4830
4830
4833
4834
4843
4846
4852
4854
4860
4861
4866
4868
4868
4872
4877
4882
4893
4894
4900
4902
4906
4906
4911
4912
4915
4920
4921
4922
4922
4922
4924
4927
4934
4936
4940
4941
4942
4945
4950
4952
4954
4955
4955
4963
4964
4964
4967
4972
4986
4986
4989
4991
4992
4996
4996
4998
5000
5000
5002
5003
5012
5012
5015
5018
5020
5027
5033
5039
5041
5043
5045
5047
5052
5053
5053
5054
5055
5061
5062
5071
5072
5073
5073
5075
5076
5083
5087
5087
5088
5092
5092
5094
5098
5099
5102
5105
5106
5108
5111
5116
5118
5125
5125
5126
5129
5130
5132
5133
5152
5164
5166
5169
5171
5171
5171
5177
5183
5183
5184
5188
5191
5192
5195
5195
5195
5211
5211
5212
5219
5222
5223
5224
5227
5234
5234
5234
5239
5241
5256
5259
5259
5262
5262
5263
5266
5267
5273
5273
5276
5276
5283
5286
5293
5294
5307
5308
5314
5327
5328
5330
5335
5337
5339
5339
5340
5348
5348
5352
5358
5359
5360
5365
5369
5374
5375
5379
5384
5387
5391
5396
5396
5400
5414
5414
5431
5435
5436
5440
5446
5468
5470
5472
5472
5472
5480
5480
5484
5485
5489
5489
5491
5505
5508
5513
5517
5527
5528
5528
5536
5540
5541
5543
5554
5558
5561
5562
5570
5576
5578
5582
5584
5586
5589
5590
5593
5595
5596
5597
5598
5604
5605
5606
5610
5614
5618
5621
5622
5625
5630
5632
5638
5644
5644
5648
5654
5661
5662
5664
5667
5674
5677
5681
5684
5684
5685
5686
5686
5689
5699
5700
5701
5705
5709
5713
5713
5714
5715
5715
5719
5719
5720
5721
5728
5732
5733
5736
5738
5744
5749
5751
5752
5753
5760
5763
5765
5765
5766
5771
5771
5773
5774
5787
5790
5791
5793
5796
5797
5800
5800
5802
5803
5804
5805
5806
5814
5815
5816
5816
5819
5819
5822
5826
5828
5830
5832
5834
5839
5840
5841
5841
5847
5848
5854
5856
5858
5860
5864
5869
5872
5874
5875
5876
5877
5878
5879
5880
5881
5881
5888
5899
5899
5904
5907
5911
5918
5924
5939
5939
5941
5946
5961
5962
5963
5964
5968
5968
5969
5976
5977
5984
5988
5988
5989
5994
5999
5999
6005
6008
6010
6015
6022
6028
6034
6041
6044
6045
6046
6056
6058
6062
6070
6082
6086
6088
6093
6093
6095
6100
6100
6103
6108
6108
6111
6114
6120
6121
6122
6122
6125
6127
6129
6131
6132
6136
6150
6151
6155
6162
6168
6170
6174
6178
6180
6181
6185
6188
6193
6198
6200
6203
6206
6207
6217
6218
6219
6227
6230
6230
6241
6251
6254
6255
6255
6262
6263
6270
6271
6273
6273
6278
6279
6279
6283
6283
6291
6298
6308
6311
6312
6313
6316
6316
6317
6321
6323
6323
6328
6330
6338
6338
6338
6339
6342
6348
6351
6352
6354
6354
6359
6360
6361
6363
6364
6365
6373
6376
6381
6382
6383
6401
6405
6406
6411
6413
6415
6416
6422
6427
6429
6429
6429
6430
6439
6441
6442
6446
6448
6449
6450
6451
6453
6459
6462
6466
6467
6467
6469
6476
6481
6482
6482
6483
6497
6501
6503
6507
6508
6509
6512
6512
6517
6517
6518
6519
6519
6519
6520
6523
6525
6530
6530
6531
6537
6538
6540
6545
6552
6557
6558
6559
6570
6584
6590
6593
6601
6602
6604
6605
6608
6614
6618
6618
6621
6626
6628
6630
6630
6631
6634
6642
6642
6644
6647
6651
6659
6662
6665
6666
6669
6671
6674
6675
6676
6680
6684
6695
6697
6698
6699
6701
6706
6708
6713
6718
6719
6719
6723
6726
6733
6737
6739
6745
6748
6749
6752
6753
6754
6760
6761
6774
6779
6780
6782
6784
6785
6787
6787
6787
6794
6794
6795
6796
6804
6806
6807
6810
6820
6830
6831
6833
6844
6847
6852
6853
6853
6854
6858
6859
6864
6865
6868
6872
6873
6874
6878
6878
6881
6881
6885
6886
6887
6888
6890
6891
6894
6896
6896
6901
6911
6918
6924
6925
6927
6930
6939
6939
6940
6944
6947
6947
6953
6957
6963
6968
6969
6978
6978
6984
6994
6995
6997
7005
7009
7010
7013
7014
7017
7019
7021
7024
7024
7030
7038
7042
7045
7046
7048
7051
7051
7054
7055
7057
7065
7067
7075
7079
7084
7086
7088
7089
7090
7091
7095
7103
7104
7104
7105
7107
7108
7111
7112
7112
7115
7123
7129
7140
7147
7152
7152
7152
7153
7154
7160
7161
7162
7162
7167
7169
7171
7173
7174
7178
7179
7188
7194
7197
7198
7207
7211
7216
7220
7232
7236
7236
7244
7244
7244
7244
7245
7248
7251
7253
7260
7266
7266
7269
7271
7272
7276
7277
7277
7279
7280
7282
7283
7283
7284
7285
7295
7297
7299
7302
7303
7304
7310
7310
7316
7318
7318
7319
7326
7328
7329
7329
7329
7332
7333
7335
7336
7339
7339
7343
7346
7347
7353
7353
7353
7353
7354
7355
7360
7365
7366
7372
7372
7372
7377
7387
7403
7406
7408
7413
7423
7427
7427
7431
7432
7436
7441
7443
7445
7445
7448
7449
7454
7465
7467
7472
7473
7475
7478
7480
7485
7488
7489
7491
7492
7492
7493
7494
7494
7502
7509
7517
7525
7537
7537
7540
7543
7545
7549
7552
7553
7558
7558
7560
7562
7563
7565
7565
7566
7569
7569
7579
7582
7593
7594
7597
7601
7607
7608
7611
7611
7611
7618
7621
7621
7621
7625
7629
7635
7638
7640
7647
7647
7648
7649
7656
7657
7658
7658
7661
7661
7662
7664
7670
7673
7676
7677
7678
7680
7684
7687
7694
7698
7709
7712
7715
7718
7723
7723
7724
7733
7737
7747
7748
7756
7757
7759
7774
7774
7780
7783
7784
7785
7789
7795
7797
7802
7803
7810
7818
7824
7827
7833
7834
7837
7842
7843
7845
7845
7846
7851
7856
7858
7864
7864
7866
7870
7870
7877
7883
7885
7886
7886
7887
7894
7895
7896
7897
7897
7898
7902
7907
7910
7912
7913
7918
7925
7927
7932
7932
7933
7934
7941
7944
7953
7954
7957
7957
7963
7965
7969
7970
7972
7974
7974
7978
7978
7979
7980
7980
7984
7988
7990
7995
8003
8013
8018
8020
8020
8020
8026
8029
8031
8034
8036
8039
8044
8044
8047
8051
8053
8058
8061
8062
8063
8064
8065
8066
8070
8073
8075
8077
8078
8081
8083
8083
8085
8096
8098
8115
8116
8117
8118
8123
8123
8125
8129
8133
8136
8141
8142
8144
8145
8148
8150
8155
8156
8161
8166
8166
8179
8180
8185
8187
8190
8193
8193
8194
8198
8208
8214
8219
8221
8224
8225
8227
8228
8228
8233
8233
8235
8237
8241
8241
8242
8242
8243
8253
8255
8257
8259
8259
8260
8261
8263
8264
8266
8266
8267
8271
8273
8274
8276
8278
8281
8283
8288
8290
8290
8292
8297
8303
8306
8307
8312
8313
8316
8322
8323
8326
8327
8329
8331
8332
8334
8337
8338
8339
8344
8347
8347
8348
8352
8353
8355
8362
8369
8370
8375
8377
8379
8386
8395
8398
8401
8403
8404
8404
8410
8411
8415
8415
8416
8420
8424
8427
8427
8428
8428
8433
8434
8434
8436
8436
8445
8451
8454
8460
8462
8463
8470
8470
8471
8472
8474
8475
8483
8486
8486
8488
8494
8494
8497
8509
8515
8516
8525
8525
8530
8530
8537
8537
8537
8539
8540
8543
8547
8550
8554
8555
8557
8558
8559
8563
8567
8568
8574
8575
8583
8584
8589
8591
8597
8601
8601
8602
8603
8605
8610
8614
8615
8621
8621
8629
8633
8633
8634
8644
8649
8655
8656
8657
8662
8663
8676
8678
8685
8688
8697
8698
8699
8708
8709
8710
8710
8711
8717
8721
8726
8728
8732
8733
8734
8743
8743
8750
8756
8759
8767
8768
8769
8772
8781
8783
8784
8785
8792
8793
8796
8797
8804
8804
8812
8819
8819
8819
8820
8832
8836
8842
8843
8845
8845
8849
8851
8852
8855
8857
8863
8868
8870
8872
8884
8886
8902
8902
8909
8910
8913
8926
8931
8943
8945
8952
8961
8967
8971
8976
8976
8977
8977
8985
8985
8992
8998
9000
9003
9003
9004
9005
9013
9017
9018
9033
9034
9035
9039
9046
9049
9051
9053
9055
9063
9070
9072
9082
9082
9082
9087
9103
9104
9106
9108
9110
9115
9115
9116
9120
9124
9125
9126
9127
9132
9133
9134
9139
9140
9143
9145
9152
9154
9154
9155
9160
9162
9165
9174
9181
9189
9194
9196
9206
9207
9210
9211
9212
9218
9221
9230
9232
9235
9236
9237
9247
9250
9258
9259
9260
9262
9262
9268
9272
9274
9277
9277
9278
9279
9284
9288
9289
9291
9292
9299
9300
9300
9301
9306
9309
9309
9309
9311
9313
9316
9316
9323
9336
9336
9337
9337
9339
9341
9355
9356
9358
9359
9360
9361
9362
9363
9363
9364
9367
9368
9369
9372
9374
9377
9378
9381
9386
9387
9396
9401
9406
9410
9415
9415
9416
9416
9426
9428
9430
9432
9434
9436
9439
9440
9444
9446
9446
9446
9452
9455
9457
9457
9458
9464
9468
9471
9474
9477
9479
9479
9486
9488
9494
9494
9498
9507
9508
9514
9526
9529
9530
9531
9531
9532
9541
9550
9551
9551
9552
9553
9556
9559
9561
9565
9566
9568
9571
9578
9579
9588
9590
9593
9593
9596
9598
9599
9601
9604
9609
9613
9620
9621
9622
9625
9633
9640
9646
9649
9651
9652
9653
9656
9659
9659
9661
9662
9666
9670
9673
9676
9679
9681
9682
9682
9689
9693
9700
9702
9707
9711
9716
9719
9727
9729
9736
9741
9746
9748
9750
9757
9758
9760
9761
9765
9766
9767
9768
9769
9770
9773
9777
9781
9784
9789
9789
9790
9791
9792
9794
9795
9799
9799
9799
9801
9804
9812
9815
9816
9816
9826
9830
9835
9837
9839
9845
9850
9851
9856
9863
9865
9877
9884
9886
9888
9891
9895
9898
9907
9912
9913
9915
9915
9916
9916
9922
9924
9924
9927
9932
9935
9937
9945
9946
9952
9954
9956
9957
9958
9959
9964
9973
9974
9974
9975
9977
9983
9983
9986
9992
9995
9995
10003
10006
10009
10009
10013
10016
10018
10018
10019
10022
10025
10036
10038
10039
10041
10043
10044
10044
10046
10048
10051
10052
10060
10062
10063
10065
10066
10067
10072
10076
10077
10085
10089
10089
10092
10093
10094
10094
10095
10095
10097
10101
10106
10109
10112
10115
10116
10117
10124
10124
10138
10139
10141
10142
10143
10150
10161
10166
10166
10171
10174
10174
10176
10177
10177
10179
10181
10182
10191
10193
10202
10206
10207
10207
10208
10212
10213
10217
10229
10229
10234
10234
10236
10239
10240
10242
10249
10253
10264
10267
10268
10269
10273
10280
10281
10284
10286
10288
10290
10292
10295
10295
10295
10296
10297
10302
10306
10309
10310
10317
10317
10322
10329
10330
10336
10336
10354
10356
10357
10360
10362
10363
10364
10377
10381
10383
10385
10399
10404
10408
10413
10414
10417
10420
10422
10425
10428
10433
10433
10434
10441
10442
10442
10443
10449
10457
10466
10468
10471
10473
10475
10476
10479
10485
10493
10496
10497
10519
10520
10521
10522
10522
10528
10528
10533
10535
10537
10538
10551
10554
10562
10564
10569
10573
10574
10577
10586
10586
10590
10595
10604
10605
10610
10614
10615
10616
10619
10622
10622
10632
10633
10635
10637
10642
10644
10644
10644
10652
10652
10654
10660
10660
10661
10665
10666
10671
10674
10682
10689
10689
10693
10694
10698
10698
10699
10699
10710
10712
10714
10715
10716
10716
10716
10717
10718
10730
10733
10734
10735
10736
10737
10741
10744
10745
10745
10748
10750
10751
10752
10754
10755
10755
10764
10765
10765
10771
10771
10775
10779
10783
10784
10785
10795
10809
10809
10810
10816
10818
10820
10825
10829
10829
10830
10832
10832
10837
10839
10840
10840
10848
10848
10851
10852
10857
10857
10859
10860
10860
10861
10862
10862
10864
10866
10867
10867
10868
10870
10871
10879
10880
10881
10884
10895
10897
10907
10907
10907
10913
10915
10917
10923
10925
10928
10928
10929
10930
10938
10946
10947
10949
10951
10952
10956
10970
10972
10974
10980
10980
10990
10995
10995
10995
11003
11004
11006
11007
11011
11011
11012
11013
11020
11033
11034
11035
11036
11038
11039
11043
11044
11046
11049
11051
11053
11056
11059
11063
11067
11069
11071
11073
11073
11079
11080
11083
11083
11086
11090
11099
11100
11101
11104
11107
11113
11116
11124
11125
11128
11130
11134
11142
11145
11159
11161
11161
11164
11164
11175
11176
11179
11181
11183
11184
11184
11187
11187
11188
11191
11192
11197
11202
11202
11205
11206
11208
11210
11211
11212
11222
11232
11237
11252
11255
11261
11261
11261
11270
11273
11283
11291
11292
11294
11299
11299
11308
11309
11312
11314
11318
11332
11337
11341
11342
11347
11348
11351
11351
11351
11355
11357
11360
11362
11363
11364
11369
11370
11376
11376
11377
11383
11384
11384
11384
11385
11387
11387
11387
11392
11392
11398
11400
11405
11411
11418
11419
11424
11430
11438
11442
11447
11457
11459
11459
11462
11464
11464
11465
11466
11467
11469
11469
11473
11474
11475
11477
11478
11480
11485
11487
11488
11490
11492
11495
11497
11499
11507
11507
11509
11511
11512
11516
11522
11523
11525
11529
11539
11539
11544
11547
11551
11553
11553
11558
11559
11560
11564
11565
11570
11578
11581
11583
11583
11585
11589
11594
11594
11595
11596
11603
11613
11617
11622
11623
11628
11629
11630
11631
11641
11645
11645
11646
11651
11654
11656
11658
11660
11661
11669
11678
11679
11692
11695
11696
11698
11699
11701
11706
11706
11715
11715
11718
11724
11724
11726
11728
11732
11739
11740
11740
11741
11742
11743
11752
11757
11762
11763
11765
11765
11769
11774
11779
11786
11786
11787
11798
11805
11806
11807
11808
11809
11818
11820
11821
11826
11826
11827
11830
11833
11833
11836
11843
11846
11846
11851
11852
11860
11864
11869
11873
11885
11891
11892
11894
11896
11898
11898
11901
11910
11915
11921
11924
11934
11935
11936
11940
11941
11942
11943
11947
11948
11948
11948
11953
11957
11957
11958
11960
11963
11970
11980
11983
11986
11987
11988
11990
11992
11994
11997
12000
12000
12000
12003
12003
12004
12006
12015
12019
12021
12023
12024
12026
12030
12035
12035
12038
12038
12041
12044
12044
12046
12048
12054
12060
12066
12066
12066
12071
12082
12085
12085
12087
12088
12090
12101
12106
12106
12107
12108
12112
12116
12118
12122
12128
12134
12139
12140
12141
12143
12156
12158
12168
12172
12177
12180
12181
12181
12188
12191
12194
12196
12197
12197
12199
12201
12202
12204
12208
12209
12210
12216
12218
12222
12235
12240
12250
12250
12252
12257
12259
12261
12265
12266
12266
12269
12278
12281
12286
12291
12296
12305
12310
12311
12315
12318
12319
12320
12322
12324
12326
12340
12343
12343
12347
12354
12357
12362
12365
12371
12372
12375
12380
12381
12383
12391
12393
12402
12402
12405
12406
12408
12416
12418
12429
12435
12436
12437
12439
12442
12443
12443
12446
12449
12456
12456
12459
12462
12462
12465
12465
12475
12475
12480
12480
12480
12482
12482
12483
12486
12486
12498
12499
12502
12506
12507
12512
12513
12515
12516
12518
12523
12526
12531
12531
12532
12535
12542
12543
12543
12548
12550
12559
12561
12563
12570
12570
12571
12572
12577
12581
12584
12584
12586
12586
12591
12591
12593
12594
12597
12612
12612
12618
12618
12623
12625
12625
12629
12635
12639
12640
12642
12642
12644
12646
12646
12648
12651
12652
12657
12663
12669
12670
12670
12673
12685
12690
12707
12709
12714
12715
12723
12725
12729
12730
12730
12730
12732
12734
12741
12745
12746
12749
12755
12756
12756
12765
12770
12779
12781
12784
12786
12792
12800
12804
12808
12811
12813
12816
12821
12824
12831
12840
12842
12843
12845
12849
12851
12852
12853
12858
12858
12871
12873
12873
12880
12883
12884
12888
12888
12893
12895
12902
12903
12910
12914
12915
12917
12918
12920
12922
12927
12937
12942
12943
12952
12958
12962
12966
12970
12970
12972
12977
12983
12986
12988
12990
12991
12993
12995
12996
13012
13015
13018
13018
13021
13021
13022
13027
13037
13039
13040
13048
13056
13060
13061
13063
13065
13066
13068
13072
13072
13077
13081
13082
13087
13095
13095
13097
13099
13101
13103
13105
13107
13109
13110
13111
13115
13117
13119
13121
13122
13126
13129
13129
13131
13133
13138
13138
13139
13141
13153
13154
13155
13157
13159
13161
13166
13170
13172
13180
13182
13185
13185
13186
13195
13196
13198
13200
13207
13217
13223
13225
13231
13247
13247
13250
13250
13256
13257
13260
13261
13269
13278
13278
13279
13283
13285
13285
13293
13297
13297
13312
13316
13316
13320
13330
13332
13332
13334
13334
13347
13349
13352
13352
13355
13358
13361
13362
13364
13368
13370
13377
13383
13383
13393
13396
13402
13404
13409
13412
13413
13421
13426
13427
13431
13432
13436
13438
13438
13442
13443
13445
13448
13450
13451
13453
13456
13459
13461
13468
13468
13469
13471
13475
13476
13476
13479
13482
13491
13494
13495
13497
13498
13500
13500
13503
13507
13508
13510
13513
13514
13516
13516
13520
13523
13530
13532
13544
13546
13552
13555
13558
13568
13568
13570
13573
13573
13575
13578
13582
13585
13593
13594
13603
13609
13612
13614
13623
13625
13625
13625
13629
13630
13630
13631
13637
13645
13646
13648
13649
13650
13662
13665
13666
13666
13669
13670
13675
13679
13693
13693
13694
13694
13697
13697
13713
13714
13715
13717
13721
13730
13730
13743
13746
13748
13750
13751
13771
13779
13780
13781
13784
13784
13789
13793
13794
13801
13807
13807
13808
13815
13818
13819
13823
13823
13826
13828
13833
13838
13838
13839
13842
13849
13849
13855
13857
13867
13867
13870
13871
13876
13877
13880
13881
13886
13889
13892
13899
13900
13902
13904
13906
13909
13910
13911
13912
13912
13921
13924
13926
13932
13935
13939
13947
13953
13954
13958
13959
13959
13971
13978
13980
14007
14013
14014
14016
14017
14030
14031
14033
14035
14039
14040
14041
14046
14051
14052
14053
14056
14058
14058
14059
14064
14064
14068
14074
14078
14078
14079
14080
14082
14085
14086
14092
14093
14093
14096
14099
14108
14109
14110
14110
14111
14113
14121
14123
14139
14146
14151
14151
14162
14168
14173
14178
14178
14179
14184
14188
14188
14190
14193
14198
14198
14199
14201
14204
14224
14229
14233
14233
14234
14235
14235
14240
14242
14245
14246
14246
14252
14253
14253
14253
14253
14255
14255
14255
14258
14261
14261
14267
14269
14269
14270
14274
14275
14281
14283
14284
14287
14296
14297
14302
14308
14317
14318
14322
14323
14326
14329
14332
14335
14339
14341
14345
14346
14349
14349
14355
14358
14358
14362
14363
14365
14367
14371
14378
14379
14381
14384
14384
14385
14388
14389
14390
14392
14395
14399
14400
14401
14402
14403
14406
14410
14413
14414
14424
14427
14428
14442
14442
14445
14446
14448
14454
14465
14467
14468
14470
14476
14479
14481
14482
14483
14488
14493
14493
14503
14505
14510
14517
14517
14520
14522
14524
14527
14527
14534
14535
14537
14540
14540
14541
14543
14546
14556
14559
14564
14567
14569
14570
14572
14575
14583
14588
14589
14594
14599
14601
14603
14604
14604
14605
14611
14612
14617
14628
14628
14630
14634
14640
14642
14643
14644
14649
14650
14653
14654
14656
14657
14659
14662
14667
14676
14679
14683
14684
14685
14685
14692
14693
14694
14696
14700
14704
14704
14711
14720
14729
14733
14733
14734
14736
14740
14743
14743
14752
14753
14756
14759
14762
14762
14763
14763
14765
14771
14772
14779
14793
14800
14801
14802
14804
14808
14808
14812
14822
14825
14826
14830
14831
14834
14835
14837
14838
14838
14841
14843
14844
14845
14847
14850
14852
14858
14861
14862
14863
14870
14872
14876
14878
14886
14887
14892
14899
14904
14904
14914
14918
14919
14934
14936
14945
14946
14947
14948
14951
14953
14961
14963
14964
14965
14971
14971
14971
14973
14973
14975
14982
14983
14984
14986
14987
14987
15000
15002
15003
15003
15005
15006
15011
15014
15015
15019
15020
15021
15022
15033
15034
15038
15046
15052
15052
15053
15055
15058
15059
15062
15064
15066
15066
15067
15067
15072
15076
15077
15083
15085
15085
15090
15091
15100
15101
15106
15114
15123
15125
15134
15136
15137
15144
15146
15147
15148
15151
15160
15161
15161
15167
15173
15176
15182
15183
15187
15188
15188
15193
15197
15205
15210
15215
15218
15221
15233
15247
15249
15251
15252
15257
15260
15261
15264
15265
15266
15266
15267
15270
15271
15273
15274
15274
15274
15276
15279
15280
15301
15302
15303
15304
15305
15308
15309
15314
15317
15319
15326
15327
15329
15330
15336
15336
15337
15339
15342
15344
15346
15351
15357
15358
15371
15375
15379
15380
15381
15384
15387
15389
15389
15389
15392
15395
15397
15408
15411
15421
15422
15422
15423
15424
15425
15430
15432
15436
15437
15443
15445
15446
15451
15452
15453
15455
15459
15464
15467
15469
15471
15473
15474
15477
15478
15487
15487
15489
15490
15490
15491
15493
15495
15500
15502
15502
15503
15504
15505
15510
15512
15515
15517
15523
15523
15530
15531
15537
15537
15540
15543
15544
15546
15554
15557
15558
15560
15563
15563
15571
15577
15578
15579
15582
15584
15591
15593
15599
15600
15603
15607
15610
15611
15612
15613
15615
15619
15620
15621
15625
15625
15634
15634
15634
15635
15644
15647
15650
15656
15658
15659
15664
15667
15668
15669
15670
15672
15674
15674
15685
15688
15690
15691
15694
15695
15695
15697
15712
15716
15728
15729
15732
15743
15743
15751
15756
15758
15758
15759
15759
15763
15764
15768
15775
15775
15776
15777
15779
15781
15787
15788
15792
15795
15795
15799
15799
15812
15817
15823
15823
15823
15824
15828
15828
15832
15834
15843
15843
15845
15846
15851
15851
15853
15854
15856
15858
15861
15864
15868
15868
15875
15880
15882
15883
15887
15887
15888
15893
15899
15900
15905
15905
15907
15917
15923
15929
15940
15942
15942
15946
15950
15953
15953
15964
15965
15970
15984
15987
15992
15992
16000
16000
16000
16001
16002
16003
16004
16005
16011
16012
16013
16014
16017
16019
16019
16019
16019
16024
16029
16029
16031
16033
16038
16044
16050
16051
16055
16060
16061
16063
16066
16066
16070
16071
16072
16072
16073
16085
16087
16089
16096
16096
16101
16108
16116
16120
16127
16128
16128
16136
16137
16148
16152
16155
16159
16161
16163
16167
16182
16182
16185
16195
16196
16201
16219
16225
16230
16230
16231
16231
16233
16234
16238
16239
16257
16257
16264
16268
16268
16270
16286
16287
16290
16297
16298
16302
16302
16304
16314
16322
16329
16329
16332
16332
16333
16334
16334
16336
16337
16338
16338
16341
16348
16352
16353
16354
16356
16362
16363
16368
16368
16370
16371
16371
16374
16375
16376
16380
16389
16392
16395
16400
16403
16406
16409
16410
16411
16412
16412
16413
16413
16417
16419
16421
16428
16431
16434
16435
16437
16446
16449
16454
16456
16467
16471
16480
16481
16481
16483
16486
16488
16489
16489
16493
16502
16507
16508
16512
16514
16517
16519
16521
16521
16528
16530
16536
16542
16543
16544
16548
16565
16566
16568
16569
16569
16570
16581
16585
16588
16600
16608
16608
16610
16614
16614
16616
16616
16619
16621
16626
16629
16634
16645
16656
16661
16662
16666
16670
16671
16675
16688
16694
16695
16696
16701
16706
16712
16715
16718
16721
16723
16726
16726
16727
16727
16729
16729
16743
16751
16753
16754
16756
16756
16759
16759
16762
16764
16772
16782
16784
16789
16794
16794
16802
16808
16809
16814
16818
16823
16824
16826
16833
16834
16838
16842
16844
16847
16849
16849
16855
16855
16855
16857
16861
16867
16869
16870
16872
16875
16879
16881
16881
16883
16885
16892
16892
16893
16898
16902
16903
16905
16913
16913
16921
16922
16941
16944
16945
16946
16950
16958
16962
16962
16963
16964
16965
16967
16969
16973
16976
16979
16985
16986
16990
16992
16994
16994
16996
17007
17007
17009
17012
17017
17022
17024
17028
17031
17035
17045
17046
17048
17048
17051
17055
17057
17057
17059
17059
17063
17067
17067
17076
17080
17089
17091
17093
17093
17099
17106
17107
17116
17118
17124
17125
17127
17134
17135
17141
17143
17144
17146
17147
17158
17164
17165
17173
17174
17176
17177
17178
17180
17181
17183
17183
17183
17183
17184
17185
17189
17189
17193
17203
17206
17210
17212
17215
17220
17223
17228
17228
17237
17240
17252
17255
17258
17265
17265
17266
17267
17269
17275
17277
17278
17284
17295
17295
17302
17309
17311
17315
17319
17321
17326
17333
17334
17337
17339
17345
17347
17353
17354
17360
17361
17362
17371
17376
17382
17383
17390
17398
17407
17408
17411
17416
17417
17421
17422
17426
17428
17430
17430
17431
17434
17443
17444
17446
17449
17451
17453
17454
17461
17463
17464
17466
17475
17477
17478
17481
17490
17492
17494
17495
17496
17505
17510
17516
17520
17527
17535
17542
17549
17550
17553
17555
17564
17566
17568
17570
17579
17584
17588
17588
17589
17593
17594
17596
17603
17605
17610
17614
17621
17629
17629
17630
17636
17641
17642
17653
17653
17654
17658
17658
17659
17659
17662
17663
17666
17667
17668
17669
17671
17674
17676
17680
17681
17689
17696
17701
17702
17712
17719
17721
17724
17725
17727
17727
17731
17732
17732
17735
17736
17740
17742
17752
17758
17759
17762
17768
17770
17771
17772
17775
17775
17781
17785
17785
17787
17787
17794
17795
17798
17799
17804
17805
17805
17806
17809
17811
17813
17815
17816
17817
17818
17819
17827
17831
17833
17833
17837
17841
17842
17843
17852
17855
17856
17857
17857
17859
17864
17867
17872
17881
17884
17887
17894
17898
17906
17915
17923
17928
17929
17929
17934
17934
17935
17945
17951
17952
17954
17956
17974
17976
17977
17981
17982
17983
17985
17988
17990
18006
18013
18014
18027
18027
18029
18034
18035
18040
18042
18046
18047
18051
18055
18061
18067
18068
18069
18071
18081
18087
18094
18096
18097
18097
18097
18103
18103
18105
18106
18107
18111
18114
18117
18124
18126
18129
18133
18136
18141
18142
18143
18145
18150
18151
18151
18152
18152
18157
18157
18160
18162
18162
18164
18165
18168
18172
18172
18180
18181
18182
18184
18186
18192
18195
18197
18201
18202
18202
18205
18213
18217
18227
18228
18231
18231
18231
18232
18237
18247
18248
18250
18254
18255
18257
18260
18264
18268
18276
18276
18281
18281
18291
18298
18299
18307
18310
18311
18319
18320
18324
18325
18343
18346
18348
18348
18351
18352
18354
18358
18361
18361
18366
18367
18368
18375
18377
18377
18380
18385
18387
18390
18390
18392
18399
18401
18404
18406
18409
18411
18417
18419
18421
18422
18424
18430
18436
18438
18442
18444
18448
18455
18463
18467
18468
18477
18485
18486
18486
18486
18486
18496
18496
18497
18505
18506
18515
18516
18517
18518
18519
18519
18521
18525
18533
18539
18554
18559
18559
18560
18567
18569
18586
18588
18588
18588
18593
18598
18613
18618
18619
18621
18621
18624
18631
18640
18644
18649
18650
18653
18654
18657
18659
18659
18660
18665
18666
18667
18668
18671
18676
18681
18682
18684
18686
18687
18688
18694
18701
18702
18702
18705
18706
18707
18709
18711
18712
18714
18719
18723
18729
18730
18732
18735
18737
18740
18742
18747
18749
18749
18754
18754
18754
18755
18760
18762
18764
18764
18764
18767
18767
18770
18772
18775
18776
18776
18777
18782
18783
18785
18786
18789
18790
18790
18791
18792
18793
18794
18795
18802
18805
18808
18817
18826
18826
18836
18841
18841
18845
18846
18850
18851
18858
18863
18868
18873
18874
18877
18884
18891
18897
18898
18899
18900
18903
18903
18906
18919
18924
18924
18933
18938
18941
18944
18951
18958
18961
18961
18967
18968
18970
18971
18988
18998
18998
18998
19000
19008
19010
19011
19018
19031
19031
19033
19036
19040
19040
19041
19041
19043
19058
19060
19065
19073
19075
19084
19092
19092
19093
19094
19094
19096
19096
19097
19098
19103
19103
19103
19105
19112
19116
19117
19117
19122
19122
19128
19128
19134
19136
19138
19142
19142
19142
19147
19152
19155
19161
19166
19167
19170
19173
19182
19186
19187
19188
19192
19198
19203
19206
19206
19209
19209
19209
19210
19213
19218
19234
19236
19236
19240
19241
19241
19243
19245
19252
19253
19255
19257
19257
19258
19260
19262
19264
19267
19274
19274
19277
19278
19281
19281
19282
19285
19289
19294
19295
19297
19300
19300
19307
19313
19314
19314
19319
19322
19333
19335
19339
19346
19349
19352
19362
19364
19374
19374
19375
19376
19380
19382
19391
19391
19395
19397
19400
19411
19412
19412
19414
19415
19417
19418
19425
19427
19428
19432
19432
19433
19434
19441
19444
19447
19455
19455
19459
19466
19471
19473
19474
19478
19486
19494
19495
19496
19499
19501
19516
19520
19520
19520
19524
19533
19534
19535
19546
19550
19550
19555
19558
19561
19562
19566
19570
19575
19578
19585
19592
19592
19596
19597
19599
19601
19602
19603
19604
19608
19611
19614
19616
19621
19633
19639
19644
19648
19652
19668
19669
19671
19672
19672
19674
19680
19682
19682
19682
19684
19685
19687
19689
19691
19693
19695
19706
19707
19709
19714
19717
19717
19717
19720
19721
19722
19722
19730
19730
19731
19740
19743
19745
19746
19754
19754
19762
19762
19764
19767
19768
19770
19771
19772
19772
19774
19774
19782
19786
19787
19792
19801
19804
19809
19811
19811
19813
19819
19820
19821
19824
19829
19842
19844
19844
19846
19848
19849
19850
19852
19854
19858
19861
19863
19864
19868
19875
19876
19877
19880
19882
19883
19883
19892
19893
19894
19899
19902
19902
19904
19904
19905
19911
19916
19921
19923
19924
19925
19926
19933
19934
19934
19935
19937
19937
19940
19942
19945
19947
19947
19956
19958
19965
19968
19970
19976
19977
19980
19983
19985
19991
19992
19995
19996
19997
20002
20002
20006
20008
20013
20014
20020
20029
20029
20034
20035
20038
20043
20052
20053
20053
20059
20060
20063
20064
20064
20065
20079
20086
20090
20091
20094
20095
20099
20107
20109
20110
20110
20116
20116
20126
20128
20130
20130
20138
20143
20150
20152
20154
20156
20161
20161
20168
20169
20174
20180
20184
20190
20195
20196
20198
20200
20203
20209
20214
20215
20216
20217
20218
20218
20223
20225
20235
20242
20242
20256
20259
20260
20261
20265
20273
20274
20276
20279
20280
20292
20293
20295
20297
20299
20300
20301
20304
20317
20318
20320
20320
20323
20340
20340
20348
20356
20361
20363
20365
20376
20383
20386
20387
20388
20390
20392
20392
20393
20396
20405
20408
20411
20413
20416
20420
20420
20423
20423
20425
20428
20434
20440
20440
20441
20444
20444
20449
20459
20464
20477
20486
20488
20489
20493
20493
20493
20496
20498
20499
20509
20515
20515
20517
20520
20520
20522
20525
20526
20529
20536
20543
20544
20546
20549
20556
20558
20559
20560
20564
20565
20577
20579
20586
20590
20590
20592
20599
20600
20605
20608
20615
20616
20619
20619
20621
20622
20627
20635
20641
20647
20648
20650
20652
20652
20664
20665
20666
20680
20682
20683
20686
20686
20686
20688
20689
20692
20694
20700
20704
20704
20705
20708
20719
20721
20726
20731
20734
20738
20739
20744
20746
20747
20748
20751
20756
20757
20759
20768
20770
20770
20780
20782
20784
20787
20791
20793
20794
20795
20796
20798
20800
20802
20803
20811
20813
20814
20818
20819
20825
20825
20826
20828
20831
20835
20841
20846
20850
20852
20859
20861
20863
20867
20867
20868
20874
20875
20878
20878
20879
20885
20885
20887
20887
20887
20888
20901
20909
20910
20914
20915
20916
20923
20923
20928
20936
20937
20938
20940
20941
20957
20958
20960
20961
20966
20968
20979
20980
20988
20996
20997
21006
21013
21014
21016
21016
21021
21025
21029
21033
21035
21038
21040
21042
21046
21047
21053
21055
21060
21061
21064
21067
21067
21075
21086
21091
21092
21096
21096
21097
21098
21099
21100
21103
21123
21130
21138
21142
21146
21148
21155
21157
21158
21159
21176
21177
21181
21182
21187
21191
21191
21193
21194
21198
21199
21200
21202
21202
21208
21210
21217
21219
21222
21227
21228
21231
21237
21242
21243
21246
21247
21249
21251
21254
21261
21264
21266
21267
21271
21272
21275
21276
21277
21280
21282
21283
21290
21292
21292
21292
21294
21295
21306
21320
21321
21321
21325
21327
21327
21328
21337
21348
21352
21355
21368
21375
21378
21385
21385
21385
21387
21389
21393
21393
21395
21398
21405
21409
21413
21414
21415
21416
21418
21421
21422
21423
21426
21434
21435
21436
21437
21441
21444
21451
21453
21454
21456
21462
21462
21463
21465
21469
21479
21481
21481
21494
21495
21500
21503
21503
21505
21506
21510
21510
21514
21514
21519
21519
21524
21528
21530
21530
21535
21535
21538
21552
21553
21568
21569
21569
21572
21579
21580
21584
21593
21597
21597
21597
21601
21604
21608
21621
21621
21626
21635
21641
21642
21647
21654
21654
21655
21655
21669
21671
21684
21690
21690
21690
21692
21697
21698
21699
21701
21703
21704
21707
21712
21723
21725
21736
21739
21741
21744
21745
21747
21749
21750
21755
21756
21762
21765
21770
21776
21776
21777
21777
21779
21781
21782
21785
21788
21790
21793
21797
21802
21803
21806
21808
21815
21817
21819
21819
21820
21821
21822
21826
21826
21830
21830
21835
21836
21838
21841
21841
21846
21848
21851
21860
21861
21862
21872
21883
21887
21890
21890
21899
21901
21902
21907
21910
21925
21927
21927
21927
21930
21933
21936
21942
21947
21947
21949
21949
21950
21952
21953
21958
21968
21969
21971
21971
21971
21972
21974
21976
21976
21977
21981
21982
21983
21984
21986
21988
21989
21998
21998
21999
22003
22004
22004
22006
22013
22013
22015
22015
22026
22028
22033
22035
22039
22046
22048
22049
22053
22056
22058
22064
22074
22078
22079
22080
22094
22094
22098
22102
22115
22123
22124
22126
22133
22138
22139
22141
22145
22150
22150
22150
22154
22154
22158
22163
22164
22165
22165
22170
22179
22180
22182
22182
22184
22186
22188
22199
22203
22206
22211
22215
22215
22220
22222
22224
22224
22225
22229
22230
22231
22234
22240
22241
22241
22253
22254
22254
22263
22266
22267
22271
22280
22280
22281
22282
22288
22298
22302
22303
22312
22317
22322
22323
22335
22336
22343
22348
22352
22354
22356
22359
22369
22371
22374
22377
22378
22389
22390
22390
22390
22392
22398
22398
22399
22400
22415
22417
22430
22437
22440
22440
22442
22442
22444
22448
22452
22454
22457
22458
22463
22464
22470
22473
22476
22479
22479
22479
22484
22486
22486
22487
22492
22495
22505
22506
22512
22520
22524
22526
22526
22530
22535
22536
22536
22537
22539
22544
22545
22548
22551
22553
22553
22557
22563
22563
22571
22573
22573
22578
22581
22599
22604
22609
22613
22620
22622
22623
22627
22637
22638
22638
22638
22639
22642
22649
22653
22653
22659
22660
22661
22672
22673
22675
22675
22676
22678
22680
22680
22684
22690
22692
22696
22697
22698
22699
22699
22703
22706
22707
22712
22716
22718
22718
22727
22729
22732
22733
22741
22743
22743
22747
22748
22749
22753
22754
22764
22765
22766
22770
22771
22772
22774
22777
22779
22785
22795
22803
22805
22809
22810
22813
22826
22828
22837
22841
22852
22855
22860
22862
22862
22863
22863
22867
22869
22869
22872
22876
22881
22894
22896
22899
22913
22914
22918
22924
22929
22933
22936
22940
22944
22949
22954
22957
22966
22968
22969
22983
22988
22991
22997
22998
22998
23002
23003
23003
23006
23009
23010
23020
23024
23032
23032
23036
23037
23038
23039
23045
23045
23048
23048
23050
23052
23057
23059
23064
23068
23072
23075
23080
23083
23089
23090
23092
23094
23095
23095
23104
23104
23106
23110
23121
23130
23137
23139
23140
23141
23142
23148
23149
23154
23154
23154
23155
23156
23160
23168
23179
23183
23187
23192
23195
23198
23199
23201
23202
23203
23203
23205
23206
23212
23216
23217
23220
23223
23230
23231
23233
23234
23234
23235
23238
23249
23255
23255
23256
23260
23260
23261
23266
23268
23270
23284
23285
23295
23297
23297
23308
23311
23317
23321
23322
23329
23331
23333
23339
23345
23349
23349
23351
23358
23360
23362
23368
23368
23369
23371
23372
23373
23374
23376
23376
23387
23387
23395
23395
23397
23398
23398
23399
23402
23408
23408
23411
23418
23421
23425
23425
23430
23431
23433
23451
23455
23455
23456
23466
23469
23470
23475
23484
23485
23485
23486
23491
23496
23496
23496
23499
23500
23500
23503
23509
23516
23517
23524
23525
23542
23553
23559
23565
23569
23577
23587
23588
23593
23594
23601
23601
23603
23604
23616
23618
23620
23621
23621
23627
23629
23630
23644
23646
23647
23649
23662
23668
23670
23688
23694
23699
23700
23709
23716
23728
23731
23734
23735
23738
23740
23740
23743
23748
23748
23751
23754
23756
23760
23765
23776
23780
23781
23781
23793
23794
23795
23798
23802
23803
23804
23806
23806
23808
23826
23827
23830
23830
23845
23848
23851
23854
23857
23858
23860
23864
23883
23889
23892
23895
23895
23896
23897
23907
23909
23910
23912
23913
23923
23925
23926
23930
23932
23933
23936
23937
23941
23944
23947
23949
23971
23975
23977
23977
23981
23986
23989
23990
23990
23991
23991
23997
24000
24005
24009
24010
24013
24023
24026
24026
24028
24029
24032
24033
24035
24035
24037
24050
24060
24065
24072
24072
24074
24077
24080
24081
24085
24099
24100
24101
24103
24104
24105
24110
24117
24119
24131
24132
24136
24137
24137
24140
24140
24142
24156
24164
24166
24167
24168
24171
24173
24184
24190
24193
24200
24204
24207
24214
24216
24227
24227
24229
24232
24232
24237
24240
24247
24248
24252
24256
24262
24268
24270
24274
24280
24285
24290
24298
24309
24313
24318
24324
24334
24348
24348
24350
24353
24354
24364
24364
24367
24367
24369
24376
24378
24380
24384
24385
24386
24393
24399
24399
24403
24405
24406
24407
24409
24410
24421
24422
24423
24427
24431
24433
24438
24445
24448
24449
24450
24450
24463
24466
24469
24471
24475
24476
24483
24487
24487
24493
24496
24497
24499
24502
24502
24502
24503
24520
24522
24526
24529
24531
24533
24538
24545
24549
24552
24554
24555
24557
24561
24563
24570
24578
24595
24599
24601
24609
24610
24610
24614
24615
24624
24624
24628
24630
24635
24637
24638
24641
24644
24644
24646
24647
24648
24651
24653
24655
24660
24661
24665
24665
24666
24668
24672
24683
24685
24685
24685
24686
24686
24692
24697
24702
24704
24705
24705
24711
24716
24726
24726
24730
24731
24732
24736
24744
24755
24755
24762
24763
24764
24770
24772
24773
24774
24774
24774
24777
24783
24788
24794
24795
24799
24800
24801
24804
24805
24808
24811
24812
24813
24821
24823
24825
24828
24829
24834
24838
24841
24848
24849
24849
24850
24851
24852
24856
24867
24868
24872
24876
24882
24883
24893
24897
24898
24898
24910
24911
24923
24930
24932
24948
24952
24958
24958
24959
24960
24968
24968
24969
24971
24977
24978
24979
24981
24987
24992
24993
24996
25001
25003
25008
25014
25014
25021
25023
25031
25033
25035
25040
25040
25040
25042
25045
25049
25052
25056
25056
25062
25064
25073
25076
25080
25083
25084
25092
25095
25099
25100
25100
25102
25103
25110
25113
25113
25117
25120
25124
25131
25132
25135
25136
25139
25140
25141
25144
25147
25153
25156
25156
25157
25158
25159
25163
25163
25164
25164
25165
25165
25169
25170
25172
25172
25176
25179
25185
25185
25188
25189
25195
25195
25204
25206
25207
25208
25209
25209
25213
25213
25214
25218
25219
25223
25232
25240
25241
25241
25242
25245
25246
25251
25251
25252
25253
25257
25259
25260
25263
25263
25275
25285
25287
25294
25298
25299
25304
25310
25310
25311
25316
25317
25331
25333
25333
25334
25335
25344
25346
25349
25350
25351
25353
25357
25358
25360
25361
25362
25362
25366
25371
25372
25373
25380
25385
25393
25403
25407
25407
25421
25421
25424
25426
25437
25438
25440
25444
25447
25448
25456
25457
25459
25461
25465
25466
25469
25470
25475
25479
25479
25482
25483
25483
25483
25485
25487
25487
25491
25493
25495
25499
25505
25506
25510
25524
25529
25529
25530
25531
25533
25535
25536
25540
25542
25546
25548
25553
25554
25560
25563
25565
25573
25573
25573
25581
25585
25596
25597
25598
25599
25600
25600
25603
25605
25609
25611
25614
25631
25631
25631
25633
25638
25639
25643
25644
25648
25660
25662
25665
25666
25667
25670
25673
25679
25680
25683
25683
25695
25700
25700
25701
25701
25702
25702
25706
25713
25714
25717
25719
25722
25723
25724
25725
25728
25734
25734
25752
25753
25754
25758
25762
25765
25768
25774
25776
25781
25782
25783
25785
25789
25794
25794
25797
25798
25816
25817
25820
25826
25855
25857
25858
25859
25863
25864
25865
25866
25870
25877
25881
25882
25883
25883
25886
25888
25888
25891
25895
25901
25903
25912
25913
25922
25928
25932
25933
25936
25937
25937
25941
25944
25948
25955
25958
25967
25968
25969
25974
25980
25988
25993
25997
25998
25999
26000
26003
26012
26012
26015
26015
26017
26018
26021
26022
26025
26028
26030
26035
26036
26041
26045
26045
26047
26049
26050
26056
26064
26064
26068
26078
26078
26079
26080
26083
26085
26086
26088
26090
26092
26095
26095
26098
26100
26102
26106
26111
26112
26113
26114
26118
26121
26127
26135
26136
26136
26138
26139
26142
26146
26158
26159
26163
26167
26168
26169
26169
26172
26175
26181
26200
26207
26214
26223
26225
26233
26237
26238
26246
26248
26254
26258
26258
26262
26262
26264
26267
26268
26269
26270
26271
26277
26279
26287
26290
26291
26296
26303
26306
26306
26309
26309
26315
26316
26329
26330
26332
26334
26337
26344
26348
26354
26354
26357
26359
26361
26361
26361
26363
26367
26371
26373
26374
26374
26376
26386
26388
26393
26394
26397
26408
26409
26410
26411
26421
26425
26426
26446
26450
26453
26457
26470
26470
26475
26475
26475
26477
26490
26493
26493
26494
26497
26500
26503
26506
26509
26512
26517
26523
26524
26524
26527
26529
26531
26538
26538
26547
26550
26551
26552
26556
26558
26559
26580
26581
26586
26587
26589
26591
26593
26602
26603
26606
26608
26611
26613
26616
26618
26620
26623
26624
26629
26637
26639
26644
26649
26650
26651
26652
26654
26662
26666
26669
26672
26672
26674
26683
26688
26695
26696
26699
26702
26702
26709
26718
26719
26720
26727
26727
26732
26736
26738
26740
26741
26742
26744
26751
26752
26753
26755
26759
26761
26764
26766
26766
26766
26767
26768
26773
26775
26784
26785
26793
26801
26804
26813
26819
26822
26835
26838
26839
26840
26840
26841
26852
26856
26861
26863
26864
26866
26872
26873
26874
26877
26878
26881
26885
26885
26887
26887
26887
26889
26896
26896
26901
26902
26903
26903
26906
26917
26918
26926
26927
26931
26942
26950
26953
26955
26957
26963
26964
26966
26968
26969
26978
26980
26981
26982
26985
26986
26990
26997
26998
26999
27007
27018
27020
27020
27021
27023
27027
27028
27032
27048
27056
27056
27056
27059
27062
27063
27066
27068
27069
27078
27079
27080
27080
27094
27095
27096
27098
27101
27105
27106
27106
27108
27114
27121
27122
27123
27128
27130
27131
27131
27138
27138
27139
27144
27144
27147
27150
27150
27154
27155
27159
27163
27164
27169
27171
27176
27177
27179
27179
27181
27181
27186
27189
27191
27195
27200
27205
27205
27205
27206
27206
27206
27214
27227
27228
27247
27252
27253
27255
27256
27258
27262
27263
27270
27274
27275
27275
27281
27283
27286
27295
27305
27307
27308
27309
27314
27316
27321
27321
27325
27327
27327
27328
27328
27330
27330
27330
27332
27332
27345
27346
27348
27351
27355
27357
27357
27362
27369
27373
27376
27380
27381
27391
27392
27395
27397
27413
27414
27414
27423
27425
27428
27428
27431
27432
27433
27438
27443
27443
27451
27452
27456
27461
27469
27470
27471
27471
27472
27473
27474
27481
27481
27485
27487
27489
27490
27492
27499
27503
27503
27504
27506
27515
27518
27521
27522
27530
27533
27538
27541
27543
27544
27548
27548
27551
27553
27557
27559
27559
27561
27564
27571
27572
27573
27577
27578
27582
27583
27591
27593
27599
27602
27603
27605
27612
27612
27615
27617
27617
27617
27629
27630
27631
27639
27641
27646
27648
27654
27656
27660
27664
27670
27673
27676
27677
27678
27682
27683
27688
27688
27696
27703
27704
27709
27711
27711
27712
27714
27714
27716
27717
27721
27726
27732
27733
27740
27742
27744
27751
27751
27754
27765
27770
27771
27785
27786
27794
27794
27795
27796
27796
27802
27805
27814
27816
27821
27824
27826
27843
27843
27847
27849
27850
27850
27850
27851
27855
27858
27862
27865
27866
27869
27872
27874
27883
27888
27889
27894
27906
27908
27913
27926
27926
27927
27930
27931
27933
27934
27940
27941
27946
27949
27953
27955
27960
27961
27962
27965
27968
27968
27974
27975
27977
27983
27984
27984
27984
27985
27985
27987
27989
27990
27998
28003
28003
28007
28009
28013
28015
28017
28019
28022
28023
28024
28027
28034
28047
28047
28050
28053
28068
28075
28085
28090
28090
28090
28093
28099
28099
28101
28105
28107
28109
28110
28116
28119
28119
28121
28123
28126
28130
28130
28134
28138
28138
28141
28147
28150
28150
28153
28179
28185
28198
28199
28204
28213
28232
28232
28235
28243
28248
28248
28248
28248
28253
28253
28254
28258
28259
28263
28265
28266
28269
28272
28273
28278
28279
28280
28283
28284
28289
28292
28292
28292
28295
28298
28300
28316
28319
28321
28321
28324
28327
28329
28334
28334
28337
28337
28338
28338
28339
28345
28346
28349
28349
28354
28361
28363
28365
28368
28373
28374
28374
28377
28378
28378
28380
28383
28384
28393
28394
28394
28395
28397
28398
28404
28410
28410
28411
28411
28415
28418
28419
28426
28428
28431
28436
28450
28455
28459
28461
28462
28467
28468
28472
28473
28476
28481
28481
28482
28484
28484
28503
28504
28504
28506
28508
28512
28517
28517
28518
28521
28535
28540
28540
28542
28552
28553
28554
28555
28567
28570
28571
28574
28576
28576
28577
28579
28584
28585
28586
28586
28600
28600
28603
28606
28608
28609
28610
28617
28621
28626
28627
28631
28633
28633
28639
28641
28641
28642
28643
28654
28654
28658
28668
28671
28672
28683
28684
28684
28685
28692
28692
28699
28707
28708
28716
28718
28719
28720
28721
28726
28727
28730
28735
28736
28743
28746
28751
28755
28755
28757
28758
28759
28760
28761
28768
28769
28772
28780
28781
28785
28787
28791
28791
28796
28798
28800
28803
28804
28805
28813
28814
28825
28830
28838
28842
28847
28848
28848
28849
28851
28852
28855
28858
28858
28867
28868
28872
28872
28875
28881
28881
28884
28891
28896
28902
28902
28902
28903
28906
28910
28926
28926
28930
28940
28947
28947
28948
28956
28958
28967
28978
28979
28985
28986
28987
28987
28992
28997
29000
29002
29004
29006
29007
29008
29008
29015
29016
29020
29025
29026
29032
29034
29034
29035
29038
29038
29039
29039
29041
29043
29050
29054
29055
29062
29073
29077
29077
29080
29090
29091
29093
29098
29104
29112
29118
29119
29120
29134
29138
29144
29147
29152
29154
29154
29157
29158
29163
29164
29171
29172
29173
29183
29185
29187
29193
29195
29197
29201
29205
29208
29209
29210
29214
29217
29220
29225
29234
29237
29238
29238
29239
29243
29246
29248
29250
29250
29252
29254
29261
29264
29271
29274
29276
29285
29294
29295
29296
29296
29302
29309
29311
29314
29320
29322
29327
29330
29330
29331
29336
29337
29344
29345
29349
29352
29355
29357
29362
29363
29363
29372
29374
29376
29388
29390
29403
29405
29413
29421
29421
29424
29428
29431
29436
29439
29444
29444
29444
29452
29455
29461
29462
29469
29474
29478
29478
29481
29482
29482
29483
29488
29491
29492
29498
29499
29501
29503
29513
29517
29518
29527
29533
29534
29539
29542
29553
29553
29570
29576
29576
29578
29583
29586
29591
29594
29596
29598
29600
29601
29602
29602
29608
29614
29615
29619
29622
29627
29628
29631
29633
29650
29651
29668
29669
29670
29673
29673
29675
29675
29675
29678
29684
29684
29686
29686
29696
29700
29707
29712
29716
29716
29719
29720
29721
29723
29723
29734
29739
29743
29746
29747
29748
29762
29769
29777
29778
29784
29784
29786
29789
29790
29792
29793
29795
29795
29802
29803
29806
29806
29807
29808
29810
29812
29813
29814
29818
29818
29830
29831
29838
29840
29840
29842
29843
29844
29844
29848
29855
29858
29858
29864
29866
29868
29871
29872
29872
29873
29876
29877
29879
29883
29883
29887
29888
29890
29890
29892
29892
29893
29896
29896
29898
29899
29905
29907
29911
29912
29920
29920
29922
29925
29929
29932
29938
29938
29940
29944
29947
29952
29955
29958
29960
29963
29964
29964
29969
29974
29987
30002
30003
30004
30012
30015
30023
30024
30028
30036
30039
30042
30048
30050
30050
30052
30053
30053
30061
30062
30063
30065
30071
30076
30091
30091
30103
30103
30105
30105
30107
30111
30111
30118
30125
30130
30132
30134
30135
30137
30140
30141
30145
30145
30146
30158
30158
30164
30179
30180
30182
30185
30189
30193
30195
30201
30201
30203
30210
30214
30214
30216
30228
30229
30238
30240
30242
30251
30253
30254
30256
30259
30262
30263
30265
30265
30272
30272
30274
30287
30289
30297
30297
30307
30309
30310
30311
30312
30318
30319
30322
30323
30324
30339
30345
30346
30349
30350
30353
30354
30367
30368
30369
30372
30375
30375
30376
30377
30379
30388
30393
30393
30399
30405
30406
30409
30410
30413
30414
30423
30424
30427
30432
30435
30439
30442
30446
30450
30451
30452
30452
30456
30458
30461
30464
30467
30469
30471
30483
30483
30491
30493
30499
30501
30501
30505
30515
30516
30517
30517
30518
30521
30522
30525
30527
30530
30537
30548
30549
30554
30558
30560
30561
30563
30564
30566
30567
30572
30574
30575
30578
30584
30585
30586
30592
30596
30597
30597
30602
30603
30609
30611
30621
30631
30637
30637
30637
30640
30646
30651
30652
30652
30655
30655
30655
30662
30663
30665
30665
30665
30671
30672
30677
30680
30681
30686
30689
30695
30701
30701
30707
30713
30714
30715
30717
30718
30719
30721
30726
30726
30727
30736
30740
30745
30750
30751
30751
30752
30753
30755
30761
30762
30769
30772
30773
30779
30781
30784
30793
30799
30807
30807
30812
30814
30815
30816
30816
30816
30818
30823
30824
30827
30829
30835
30836
30838
30842
30845
30845
30846
30848
30849
30861
30866
30877
30879
30890
30898
30901
30906
30912
30915
30917
30921
30921
30923
30923
30923
30924
30924
30925
30926
30927
30938
30947
30949
30949
30952
30955
30956
30957
30959
30961
30964
30968
30969
30970
30971
30974
30976
30981
30982
30982
30983
30988
30989
30992
30994
30994
30994
30996
30997
31003
31003
31006
31014
31021
31024
31024
31025
31026
31030
31032
31035
31039
31040
31042
31053
31054
31056
31060
31063
31067
31068
31069
31070
31071
31074
31075
31075
31080
31083
31085
31087
31088
31088
31092
31093
31093
31094
31109
31114
31120
31121
31122
31125
31143
31144
31154
31156
31159
31164
31165
31169
31169
31171
31174
31179
31180
31180
31187
31192
31193
31203
31205
31207
31220
31223
31224
31228
31228
31230
31231
31234
31262
31273
31275
31280
31285
31288
31290
31291
31293
31295
31296
31298
31299
31302
31302
31308
31310
31311
31313
31314
31314
31321
31322
31322
31324
31324
31325
31326
31328
31328
31332
31336
31340
31346
31348
31350
31353
31359
31364
31368
31371
31377
31379
31381
31382
31382
31383
31385
31386
31392
31396
31397
31399
31403
31404
31404
31408
31410
31410
31414
31415
31417
31419
31420
31423
31425
31434
31437
31437
31439
31440
31443
31443
31445
31445
31450
31459
31471
31471
31471
31478
31487
31488
31490
31503
31509
31513
31519
31526
31529
31541
31545
31550
31550
31555
31556
31558
31562
31564
31570
31570
31572
31573
31577
31579
31580
31582
31582
31585
31593
31597
31598
31599
31600
31604
31611
31612
31614
31618
31625
31625
31636
31640
31642
31648
31648
31649
31650
31652
31653
31656
31656
31665
31666
31669
31670
31675
31678
31682
31686
31692
31701
31701
31702
31702
31708
31713
31714
31717
31721
31722
31725
31727
31738
31739
31740
31740
31741
31746
31753
31754
31756
31759
31760
31768
31771
31772
31772
31773
31776
31776
31776
31777
31778
31787
31794
31799
31800
31802
31805
31806
31809
31814
31823
31823
31838
31847
31849
31855
31859
31862
31863
31869
31869
31870
31872
31872
31873
31875
31880
31881
31882
31883
31886
31886
31889
31897
31898
31902
31902
31908
31909
31913
31915
31924
31936
31937
31946
31946
31947
31951
31953
31955
31956
31957
31962
31962
31965
31966
31968
31969
31969
31969
31971
31975
31979
31986
31987
31989
31992
31996
31998
32000
32001
32009
32011
32013
32015
32025
32028
32037
32041
32041
32045
32045
32051
32061
32071
32081
32081
32084
32090
32090
32100
32100
32101
32102
32102
32103
32104
32105
32106
32108
32120
32121
32125
32129
32130
32130
32132
32133
32133
32135
32139
32140
32141
32144
32146
32153
32163
32177
32181
32182
32197
32201
32205
32208
32211
32212
32217
32241
32247
32247
32248
32248
32249
32257
32264
32265
32271
32273
32276
32280
32285
32285
32286
32294
32304
32304
32306
32311
32314
32315
32315
32320
32321
32324
32327
32328
32329
32329
32330
32337
32340
32341
32345
32352
32358
32359
32359
32360
32367
32373
32376
32377
32378
32378
32378
32381
32382
32385
32386
32386
32398
32400
32406
32408
32412
32415
32419
32425
32427
32428
32438
32443
32445
32447
32448
32449
32449
32450
32453
32453
32453
32461
32465
32476
32479
32482
32483
32485
32486
32494
32497
32500
32501
32502
32503
32506
32510
32524
32530
32537
32538
32541
32554
32555
32555
32555
32555
32557
32560
32565
32566
32567
32573
32575
32578
32579
32579
32579
32583
32583
32584
32588
32591
32594
32596
32601
32601
32608
32614
32616
32620
32626
32626
32626
32629
32629
32635
32635
32637
32638
32638
32644
32648
32649
32650
32653
32658
32659
32662
32662
32676
32677
32680
32683
32686
32686
32697
32700
32701
32714
32716
32723
32732
32734
32734
32735
32737
32737
32738
32740
32743
32749
32752
32754
32758
32764
32764
32766
32766
