10000
18105
10248
11861
5876
15348
31752
2947
5913
2740
24446
14915
9912
4736
1380
27892
3263
9307
18754
25932
18206
15686
4004
8954
3801
18951
2763
25993
25180
22569
14243
1416
2576
22596
9973
26856
19243
21886
26334
5797
15564
18002
8320
11689
29511
23184
15863
17133
30141
27301
11406
27361
12785
27677
3891
29198
25174
3942
29993
2297
6765
27351
26877
26443
27981
22256
27579
10800
25219
24548
12385
29181
11549
28756
11156
789
22786
6494
19346
28173
25221
7126
27752
782
27705
5843
23653
5243
1798
32622
1230
19668
16508
17862
2771
7131
27496
19272
31938
32501
22181
3629
24443
10450
26165
11843
12324
19536
17040
12017
11806
3741
4668
6773
311
25756
29086
27249
4129
24459
7440
22950
6947
11490
308
767
28430
19838
9607
29137
17523
18430
9529
1889
7955
23150
10812
22951
16791
28451
7835
28497
2433
22757
2061
32011
18275
6740
16842
2046
26446
15492
2205
4502
32142
30955
3386
12425
2964
14973
211
15125
4404
14869
20454
26249
15889
14871
32601
6
22357
9555
24520
8839
9637
5421
2846
3615
32596
763
24674
1154
17110
10415
29140
20167
21880
21686
6457
20588
31311
13600
9843
19355
5486
24064
23636
15019
12124
3862
12212
25322
19654
31915
31937
1178
28272
8125
9879
19513
19825
20828
21777
26886
10144
13652
17630
27840
12362
14348
24023
22705
31014
9134
911
31723
26506
4232
21548
1746
2526
13491
18806
30682
24914
22258
28718
17810
29644
26844
10657
27106
14884
3134
11133
12944
16020
1979
12770
31497
32618
28341
6076
13151
27136
113
18769
22670
494
629
17686
16899
2174
6709
7879
26719
14433
27119
14518
2424
27040
29908
10084
19872
12757
3688
29518
21035
21658
22827
11529
15659
6210
6265
1937
15998
21191
22959
27871
8715
17156
14479
16569
22344
2596
17126
17870
4608
22875
16235
22786
26707
10196
23531
30471
4606
1258
1699
16429
11484
23194
30446
28283
10925
13368
10528
29182
19479
23906
20913
10081
19690
27955
2974
23742
9640
4536
17932
6324
1605
12200
13614
22458
28203
10831
19050
13234
1409
26572
30647
10690
7085
25980
16970
29279
28439
28854
26737
8106
8752
22457
7871
30208
436
9954
10345
13004
44
17955
20208
13728
2742
2736
32000
16261
6920
4347
153
15503
10931
29411
14444
19380
27557
11816
12424
30941
27122
20259
29237
23870
31444
13236
2848
6627
7408
31355
4025
24716
11738
29259
7386
32443
6364
7643
7337
7947
25331
8127
21183
13507
14363
8855
29578
17835
24012
4487
19183
1567
11973
13543
13876
31585
1032
1851
29982
6196
12070
22117
5718
1958
27068
1305
785
6701
24126
146
28144
2293
11763
16003
10533
889
6209
22353
10200
15185
10027
4223
11977
25162
1304
27498
30774
20156
24534
3126
20223
14872
31966
3336
25864
19905
25306
4469
26847
29213
15460
11835
7839
5099
22545
31023
20
21463
27054
21879
10271
21579
28873
20473
3420
6537
26740
8211
20483
12279
9285
8333
7948
3257
32417
21708
30871
23685
15418
20040
18826
13491
18647
1600
12412
23188
12628
32684
26578
5381
32489
17779
6951
15428
22447
6366
11250
31746
2143
25676
10594
31673
23389
17960
32653
24895
24822
18457
8650
24988
3302
5752
13403
21529
19742
19463
31056
31641
32196
9696
1191
31276
24186
13227
31672
8930
27875
22548
25553
7645
18531
11645
17437
4778
807
8943
7882
19666
1126
25943
1386
3755
24550
26863
19610
1652
18113
9978
8930
6561
30057
25524
3805
31348
17130
4233
6298
15309
13679
7813
8769
22339
16392
21772
13306
22899
3498
203
16138
10392
32120
3822
7231
6493
13376
26771
18831
17903
26441
8831
11004
23381
17484
21776
21179
20740
6848
12403
5268
16046
10842
8471
26764
17500
15061
6242
24770
14524
24815
19874
13975
4540
5300
2886
13073
15191
31998
23630
30338
20655
5181
11776
25444
27485
2676
14813
12424
32005
2180
19411
26224
26413
14509
14516
19449
17743
14418
6375
1596
7468
22268
7006
28599
26980
18082
1223
27304
12868
8488
12039
12986
10463
26405
7396
29155
30816
23529
30209
7309
16798
25279
32528
22772
29937
16751
25155
30159
32325
27655
23555
13362
30572
15835
8165
26803
21689
17355
2522
14284
16330
31684
28582
29056
5285
11658
9875
20545
13575
16564
4454
7954
9720
13304
19090
2793
11171
6568
16044
9047
22373
15741
19231
20074
15396
22420
13601
13267
15586
28854
3301
25412
10641
23516
20754
14876
7721
26866
26229
19526
22521
13532
14322
21598
30010
15031
4801
28438
21226
2657
4823
9689
31960
18491
13217
3246
25595
23085
22776
30558
20231
26091
25682
2521
14658
1143
10805
10198
5012
20200
23538
1978
7134
10345
14735
27835
16013
27012
8197
19525
13935
20641
18348
25244
24261
23497
18163
31428
27545
28592
11604
28062
31826
28659
19079
7251
15493
11422
30198
27125
1806
18673
27250
30820
16224
32612
2596
11375
21785
26344
7878
15676
9690
7536
27155
21226
12629
31664
6779
30836
21415
13860
30748
25817
31209
3925
24046
24442
1281
32600
21309
17347
20158
29847
22877
26637
1317
4564
16793
27587
20485
3434
8044
12484
29906
5590
10996
1033
27823
24439
10147
14728
8397
16274
9016
16216
16628
30873
8429
27669
26719
7085
1266
3206
1229
9057
21531
29821
13269
11201
7126
5887
2682
27539
5727
27045
31487
21212
24375
5954
19709
29350
19410
17862
23474
4609
15503
29539
3740
5192
31214
12014
16454
5285
29182
12167
1891
23255
27156
3964
5657
3379
30914
11883
9119
17385
23559
32423
5130
24969
32708
16861
21092
21702
18543
30968
4351
10105
30219
2881
25608
32489
13144
26827
27231
29001
9543
11278
30886
21634
3760
32466
31385
27187
23623
17999
32413
3318
11469
23186
8091
17126
10627
19746
16654
22878
17124
740
20827
28163
9619
9532
1634
2308
31635
11893
18514
11424
19894
5475
16065
32233
6488
23622
13308
27336
28236
1778
17051
28994
10519
15405
345
27641
7516
5721
8483
2038
17560
26451
12655
18341
17680
29594
32463
14113
25863
26804
16326
13746
15923
4813
986
30869
17778
5538
6378
11003
31418
11421
23234
20307
21838
13889
8429
17868
16440
3785
16074
7190
15091
32268
18915
2665
29288
15524
6777
16841
26140
21583
14948
28552
28071
24469
13850
6668
12904
27820
1037
15059
29047
1944
30266
14771
6619
12182
27134
11623
6909
15291
10796
1351
30557
29401
14174
87
28548
23202
27272
5507
22842
528
9683
12585
30456
19204
1960
27608
25504
30509
21514
7768
26220
31787
2090
30442
17188
25332
19509
29648
23189
13943
14193
26384
12094
17792
6792
26486
8780
15324
17444
21208
31945
22205
29627
17821
6416
14432
28333
11136
16516
7916
27532
19858
4481
670
18362
382
403
24355
15162
24081
20454
11333
32448
6394
31742
18890
6154
29134
5288
25241
16499
20047
29489
2847
6598
27629
14037
7921
9552
19085
5242
8627
12601
13450
20127
10040
12308
2041
27023
1770
11956
9522
28634
24173
23617
9868
23301
10111
22668
17767
29825
25891
15520
4208
17114
11262
4506
22304
22321
2561
10682
28294
3820
4424
4025
13127
7596
2626
93
27875
29567
4371
8780
30265
21336
8758
28702
20302
11708
23143
2229
31818
5053
28096
22993
21955
22060
6690
22751
11838
9483
6358
15890
28915
17217
21364
30133
7633
8849
24580
15296
18114
31693
2148
5545
29232
14151
24810
7804
1736
14729
12873
22830
9342
26694
15033
32047
3793
31632
2642
28990
3152
28490
32441
26753
24413
10465
8703
21973
15409
9527
28870
10595
24608
17120
19366
3188
11806
31889
6095
3974
29827
10197
21231
32414
16395
3074
7766
20449
24609
25964
1368
24670
93
10456
754
29487
31563
6964
2737
9920
19054
4485
6352
21614
14212
27936
3488
3668
13068
10269
22573
12129
29702
1545
13343
12718
17658
15579
32478
16143
8763
10793
26618
12265
3437
26780
201
27715
14917
22946
28498
25375
30864
30562
18537
3082
32631
757
21788
9970
32257
25299
18254
11832
5337
17803
8610
12038
7506
23736
22171
31715
25000
17456
25345
28036
10889
27006
26502
9701
17875
1939
1449
2457
27296
2744
987
25439
7808
28871
31968
26101
5
31131
7801
49
6789
15301
15168
14157
10011
29056
13267
31619
24303
4584
31540
10969
17079
2662
14960
13887
31614
11375
22399
7383
14500
9070
25452
12692
12071
1790
13238
24326
7712
23901
10997
23924
31889
8733
29888
3884
13405
9501
14543
30487
3736
21944
2397
32144
13569
20028
4304
30582
27853
13214
17052
9088
28327
15724
4965
4561
32756
31234
31844
10701
12635
8961
19979
16938
26245
5629
5612
32586
2849
17782
7127
27592
6444
13834
14914
32593
21615
23528
5614
1973
24393
27784
30920
10301
3246
30874
21518
25408
4976
25148
11698
25073
1725
879
32003
28283
14314
6348
14986
21584
25966
17523
10034
6845
23346
15685
3757
19907
26632
32339
2322
18722
19576
2709
32715
14774
1731
6368
31150
18694
8226
15378
29290
10011
24399
23440
16677
26254
1094
4082
21091
24293
29005
14332
14634
2336
25906
22992
23396
2702
10964
9315
15748
25061
25060
9518
12652
27282
17645
1574
27790
10830
4242
26605
18770
7410
28696
11338
14264
29324
4900
17623
8511
29618
20677
23033
17413
22
31668
24085
18735
23387
19419
24833
6795
15399
277
14265
15220
20858
9013
19540
10487
12862
841
10806
1332
27423
25120
6790
4614
7836
24585
25827
16102
27486
6622
2130
19980
3273
5953
123
21720
27090
28198
27414
7025
1552
16274
8608
8108
2325
29089
6994
16175
20478
19150
11091
19670
15689
21103
28461
5461
15079
6783
382
5919
8850
22176
17648
29063
97
25696
23402
20261
25498
10428
7560
20348
12743
26339
9801
13273
12300
29756
18184
21374
14007
28073
30638
6912
17177
21006
5925
6894
23445
9741
4112
27059
31222
1300
13753
23742
28677
17306
27978
23776
31324
1701
30529
23029
30069
29840
27934
8646
26886
25355
18270
7726
23953
9827
32685
15996
12342
26116
9048
4121
22733
6716
27137
19051
22065
5953
9366
20984
13534
18806
6276
30415
25535
1770
6951
29220
19265
6689
389
26426
23212
27160
14397
27526
32691
25475
6074
23057
15434
1881
18604
30238
20151
17042
19641
8461
8172
29488
32623
10111
27668
15996
9086
27067
22892
7314
20516
25424
29012
15647
21224
22012
12198
10602
22923
7117
7238
18321
30780
25734
8954
8981
24587
25156
7548
7833
22944
10593
17358
29415
22573
18329
30414
7988
14497
22123
6410
11941
287
3266
27093
30482
13486
5077
5787
13577
3890
9036
30321
10518
15771
10404
9200
6721
26204
32212
26948
25049
5662
29489
12928
25712
25782
12431
31284
7207
26197
12713
25666
6188
15615
25027
31469
5504
24127
6797
16947
5374
24856
2635
5469
4761
26686
17715
724
16869
31879
1558
6710
29657
27548
25155
24745
2515
32500
29865
24432
6620
7939
17467
188
10285
13998
27033
11972
6643
27395
14316
26903
17744
31527
27921
17457
17058
23695
11515
1869
25351
26483
19538
23675
28705
10112
11872
18162
6422
9422
14894
21415
12507
14609
10986
14367
8627
17683
16268
21377
14834
23138
3514
17903
13831
11589
31720
4630
11193
25333
9923
32004
15025
4106
13776
8250
9785
31540
25424
25091
15427
30763
15208
18436
11693
28393
22142
22547
15299
25366
4838
31565
24326
4036
4542
5986
19244
27484
31510
21044
29799
10200
19797
13217
31210
819
15319
6556
6570
31774
24795
12931
4449
16117
18077
29100
4313
24305
3007
12866
8551
12191
9965
31823
9909
21137
3521
8217
23749
19795
17124
7090
30515
15264
3959
32459
17851
29142
27569
16585
506
9128
23241
15643
10873
25363
15894
18890
3815
2963
25461
7249
29094
28054
21227
28848
25226
20017
8075
9916
14045
3858
16282
18873
17062
4790
12274
13866
14122
12508
26276
20968
19124
20281
22753
2674
3474
29293
6171
3460
4192
23350
19047
28651
16265
995
550
13975
6154
4620
14564
30194
6521
4225
29056
31600
6470
1408
17805
13671
23362
14635
25081
19746
4957
16440
14060
10033
13492
7915
24307
15874
12747
6209
350
2742
4630
32111
13287
28717
191
4490
8084
23651
14499
21896
27870
5120
29086
20583
15122
23594
13064
10156
9976
30366
12159
7183
9395
9215
3559
15989
12520
8301
17328
28958
7458
20058
25687
2336
31605
921
2608
9236
28002
11448
15458
1551
23035
14992
30259
5076
20295
3610
13190
15687
4840
22149
9889
27685
9723
5509
31540
19187
16448
15853
19095
30772
1659
8320
9556
31199
26
6916
21989
1296
4119
15769
16575
28158
29984
23113
1423
21549
5366
13024
17859
24293
5907
14590
13388
7650
4751
5226
21154
25165
21316
25513
32521
9195
31281
27344
14356
18069
32028
9366
14695
21480
18811
27053
21952
32061
3733
8787
12857
31195
29413
13860
18119
5484
14527
11826
18439
686
5686
15703
24122
18027
17468
8906
19853
20139
2315
6897
29599
2600
16836
21110
15933
5122
12118
3997
32624
18356
2722
1493
17081
20807
9181
1933
1947
3526
4405
2632
1370
20465
12471
12532
23555
23861
368
20599
22188
14044
6098
8844
8957
898
12634
6861
8687
11464
11120
4624
13780
1356
24975
15351
12696
2776
13989
6851
19782
6361
19901
25961
17357
7955
13787
5096
32261
12436
3367
1497
28397
32486
24398
30536
1335
5513
17190
14274
22022
27040
31633
22447
25846
4587
8099
16355
11613
15093
3591
26479
20688
11151
12190
7101
3817
28028
19818
3804
27208
28270
32171
8216
7896
11570
27719
4814
19795
18215
623
10110
9
31220
12672
19234
27869
28026
25895
20670
6288
23048
24777
26937
16194
24270
3106
19819
9781
7317
29484
20087
15061
26797
32066
16475
8949
11302
8069
29381
8796
17219
3711
11305
31104
28971
13062
23312
8593
15330
26211
29107
2489
17528
14772
8136
14755
28544
19599
24220
32058
29124
30440
866
32179
5431
18997
19402
27597
18987
11727
6358
8023
22724
6812
19434
20467
18093
14827
31266
19227
17673
27551
27111
19297
15021
30608
3781
21755
16012
28206
30583
15230
5746
31848
25156
13546
3574
14028
27535
7655
14762
8175
2729
21326
31380
28175
20713
17643
21986
21495
7935
9602
29913
20771
17541
23567
24847
19749
15831
6738
20698
583
1061
15499
6152
31602
9158
22147
4304
10574
3279
4555
4361
21163
20965
16712
16282
25632
18767
19952
24114
25329
17487
24782
23353
1846
20659
28236
16390
16698
14503
1713
20306
11810
13517
4073
26604
16335
1168
19589
32687
7173
24757
21506
19122
30412
31794
24654
25278
27670
1860
5256
773
7331
26812
8455
11280
4642
8601
26783
17402
11929
3804
2847
1756
11014
32152
31006
23432
26951
17737
29944
24698
7479
23654
9491
17675
4378
6970
7015
17128
2363
8431
30269
19395
2771
3820
32310
16200
2605
3681
26000
15699
17416
21535
3237
26720
17981
5806
28596
11331
27553
10905
8676
23833
20269
14605
31110
17022
31324
17570
20891
25344
21205
28793
1174
9172
2890
15751
1123
4296
7072
12848
13223
24697
1104
8216
25674
2246
24845
31798
7987
30596
3751
32042
6482
17267
26671
29648
31204
26993
24412
4629
22002
27118
29741
5129
1307
23200
20432
32566
13204
16504
1731
27697
21869
17876
17977
3694
24342
8438
28863
28248
26401
16053
28191
2465
5449
1394
12932
19927
692
17486
16608
8505
28533
8858
11403
28104
29013
9104
24109
25249
32723
4672
8157
24457
361
27084
13450
16074
15889
3544
32410
28990
23304
26429
31186
8361
17362
14589
3190
19531
9342
16764
29617
5046
22827
31725
20278
9182
30411
5642
4136
31343
20775
28168
20280
29539
8740
11466
19981
21715
13892
20565
10216
19725
17007
14980
30088
5864
18164
6140
26699
14420
9163
13155
8343
3893
16925
2253
17272
8306
30469
11639
5002
23880
921
24504
4378
21221
22052
21300
25992
30770
28854
3411
7663
3568
6367
26098
30984
17670
13495
88
19532
7961
31009
20587
17497
15710
19793
35
1175
4524
1932
18752
27163
9686
26415
5944
30156
27959
28659
1396
8644
21646
2671
3515
9721
1037
3551
31471
28700
1964
5923
29687
21185
20931
20747
13052
12225
19416
4561
15576
8668
27061
29159
11467
27043
29374
16371
26736
8598
30082
30233
20464
32137
6544
5240
15990
6476
17292
1271
28387
6794
16258
27713
6338
10738
25977
3086
22910
1941
27724
6821
15826
16015
24245
13214
32642
15338
26283
17901
19273
19647
25326
8988
8978
18334
31456
5080
12395
25904
9366
5551
6966
3099
20783
9752
14497
5158
13156
16052
9817
17566
21601
26323
9723
4600
27347
32314
19660
24247
10307
9508
23465
17297
28834
25990
21313
8909
12325
407
6273
2799
17235
2960
15696
11415
9564
10928
16765
26535
22700
12676
24565
13220
15808
26981
15418
26463
19512
14146
1040
9172
25134
32160
22906
26194
7623
24542
6372
1500
29959
19134
20386
8144
32746
26145
30361
14278
10416
21522
17724
3771
13944
24838
12475
30063
26128
2402
27510
7691
1292
30782
30904
12551
17173
25449
10402
10571
11652
26797
4197
15252
2352
20564
21173
19738
32387
22762
19578
15728
19412
28741
31176
1963
29168
32195
10001
32454
3834
8659
17049
10565
23414
3767
25131
25
32160
24200
20747
5316
9986
2682
14891
25277
12357
26465
17057
20502
10056
19316
10329
8540
879
16721
14599
25791
29758
27714
13664
6258
32294
447
29834
4181
22942
31796
23505
24274
18550
27396
32411
17668
21864
973
31390
28191
12785
22766
25680
31244
9823
22854
22431
6995
18474
32063
227
19518
27271
17675
12817
24380
32059
27694
22577
28291
19885
30269
25874
28409
24128
30949
316
27221
18399
18222
6694
9345
23002
25089
8361
12355
27632
20969
2997
14109
5805
19990
29507
30834
17910
21671
22410
17385
23010
6185
26742
29463
18891
26202
24918
9816
32165
27699
19669
18685
20879
31526
17707
8365
30632
13221
1172
27653
11300
14563
23041
21634
28575
20958
22030
14241
15280
7069
17461
2884
26050
12470
17473
24920
9247
27156
6149
20149
26958
7415
31053
14661
2463
31292
3093
20841
24324
29407
16633
15000
24354
17854
15341
10058
22440
6816
4910
27668
17632
20085
31353
19988
30340
21728
11898
4239
30418
21234
13447
1497
26594
22329
17038
10101
19256
21241
25420
31102
26518
14521
10944
15685
16659
25601
3808
14140
22385
11875
14474
3091
7852
21944
24765
31008
26063
6060
3593
27652
8203
9853
17988
15756
17418
23295
2175
5077
13697
18404
9016
12212
27909
4666
15058
10580
21023
13109
5186
24609
31650
1839
30730
8677
19004
19949
16747
19761
4428
36
28118
29439
16883
7739
16549
15253
19566
23635
20232
4781
11171
20357
2114
24274
20217
106
3605
18445
22125
1761
29050
20929
21731
4876
10134
19412
3257
1948
19178
24335
23202
2383
31946
14536
17074
10166
31504
6590
21429
828
15889
19524
21701
5220
13008
17826
28956
30802
25970
30392
22054
26253
12274
4068
30682
13315
16662
15398
28491
1870
4002
6018
10106
8757
3531
25766
19567
25718
12526
17869
12424
27587
8578
31971
7184
29962
10060
30442
15123
25337
9681
9884
7537
3522
15633
29266
32050
16411
25202
14628
16153
1417
1531
13138
24956
11743
6082
12771
19795
10753
424
395
15758
9710
26947
29906
12460
1022
19996
22899
6281
7528
22555
23810
15479
27654
27199
9426
401
349
19858
7446
3404
28376
2141
17222
30287
852
13720
28613
30597
481
28836
25280
22896
13767
10557
6233
1472
1992
29610
10245
31012
30885
10550
13106
1888
9444
27876
10030
9632
13775
26719
22084
12043
25536
21808
11304
22428
28060
9779
405
16685
10654
25932
21300
26325
4950
6486
24512
21108
31473
18524
29032
20620
14778
27148
22132
5715
4065
24168
19756
3590
3963
15551
26357
15743
14539
3804
9918
31498
11200
19581
24218
25717
4798
11015
4270
19558
10914
5495
22350
4593
3072
24732
6243
5738
6574
3972
2064
17784
14471
15412
16021
25451
13417
30875
25971
5584
30336
15305
16337
23106
28871
12125
4638
24451
25291
28988
11512
29899
23475
7561
8012
863
7549
13521
21439
18022
17802
12933
7501
13560
24157
26542
30512
21113
16032
28124
31748
22821
22887
18015
22568
29419
25529
31162
15207
29823
29517
19285
3544
20139
31377
21874
27650
10726
17904
8546
11844
24615
24149
4089
32629
18683
29931
9791
18119
3030
15400
4712
26865
27814
21001
32007
9357
18094
8095
31358
3518
10642
20938
12473
27927
19630
20293
1308
1464
19628
20450
26297
1722
26454
30999
2247
11214
10664
9146
8527
20768
17450
12041
41
32386
31101
1261
4647
11718
23347
13184
9360
20587
18660
16332
31952
22653
25981
5590
6253
18614
30428
14811
10557
4073
25498
7897
8663
13217
17192
18001
26183
3589
13342
3403
29958
8958
27855
19100
7209
20636
14881
8804
3800
24246
24732
13018
28418
12753
5056
32332
8015
9539
30620
13921
29014
20633
24732
19618
1041
15413
17827
27704
26253
18748
6233
16631
21222
20655
30663
12188
5491
15831
28961
25427
29758
10215
17122
21629
10935
11997
22046
11439
19881
8105
25108
11262
11116
9105
28164
29562
31837
32468
9536
22776
30603
8845
12676
10261
8115
5595
3978
29815
23663
31295
4570
24918
13226
12101
1504
571
14167
22887
12096
14600
31586
20526
3438
13625
10215
14234
8057
30825
31651
18628
6695
1048
21160
3522
17479
5291
1364
5323
27971
3508
13187
24219
12789
31604
20484
3097
955
19871
74
3896
9678
12126
9316
25371
5327
8346
6960
3964
3235
13432
5835
31566
8321
6432
5451
21153
6473
19651
20913
967
3608
9180
16665
6069
27417
1206
28724
27051
23198
31790
21752
536
17519
4026
26774
6328
22369
28842
7597
511
20779
29870
1725
3002
30838
30617
16606
3316
32051
2660
30386
11542
13105
4982
3992
9811
23279
17442
24354
1859
27823
1906
26826
14286
6603
20003
3040
17740
30796
23536
11207
14826
3257
31252
10337
848
9773
13066
15048
11393
16556
31639
2623
28418
25015
27914
3432
24382
8990
29891
2999
14377
24598
7410
21286
2596
14475
21153
30250
20769
24248
19701
9702
13831
25332
31152
31903
32600
29135
4859
19569
29969
14429
16995
17984
15313
25298
29985
3313
27454
26959
17822
2265
25508
7932
7734
3957
9952
14167
31036
13148
14461
13772
25151
20595
18716
31621
7308
10336
12569
26499
4852
9025
32363
15598
29904
2205
6604
17321
9282
17562
18203
22314
22973
3441
1278
22409
8391
32032
4043
12502
4605
29535
2985
27824
28248
21460
6642
531
32688
29834
24028
22386
25214
20640
13401
11014
7398
21310
9019
21861
9973
20173
17308
6742
18471
29800
11133
31716
28204
24461
6829
17329
24811
2585
28397
13965
30664
15475
9041
9799
13346
19975
24297
21955
25888
18934
22177
25421
14510
19467
1638
11565
24002
10738
1418
25724
7140
15524
31338
16950
1005
24102
29006
4752
7695
28531
6800
2699
14613
31415
13313
7113
16108
17853
8584
15007
12899
26795
30988
19053
14895
15597
1428
9258
23858
14447
1453
27459
21501
2319
10509
9382
5011
1106
4469
17433
30063
16213
23260
9169
8393
25351
28361
6720
6422
4246
9985
8750
5582
27175
866
18699
1905
5066
30479
22404
28108
16557
4301
26708
25465
8336
685
24925
677
16760
19692
759
1813
14760
4119
392
20843
11725
19058
23893
12198
1913
1179
27799
3817
28626
12651
19410
31357
25228
17693
10338
3096
27924
18354
6486
12640
28174
26259
31362
27307
26882
18809
32208
26377
16978
11914
26327
8580
30576
4549
9391
25510
10061
25503
15875
20796
32533
4846
17255
24922
24345
28167
15340
26783
19469
7971
16370
6330
115
18440
13886
6445
12887
229
26445
7505
24893
15997
23271
7067
16472
25479
13303
2589
4348
341
32409
17488
342
2997
9333
32272
25435
1045
31564
26600
20478
24554
8656
26768
2726
11858
7865
4020
14559
16631
30229
9719
16975
23607
10463
32312
27885
12931
21204
27668
2413
12037
23170
940
17406
21382
26530
1704
27960
11662
5031
8828
20304
9933
2199
25577
25487
13497
538
967
31746
11129
25809
28931
13682
14338
24552
15332
17814
17792
19695
18066
31112
20983
16869
24280
30838
30250
2454
9513
7834
9404
30248
25825
1132
25749
16880
16846
1558
2695
29322
24303
24360
13873
29224
25211
11917
5668
21290
31525
30398
14149
29167
19103
28213
25459
26859
22877
13349
21353
2810
30619
15720
14309
22516
12193
3512
24074
8066
11590
4387
29442
17968
16051
10681
10985
24771
21097
17800
20198
6604
5766
4298
30363
5501
7491
6236
28864
18364
10946
28786
7946
28790
4103
13194
18770
12854
14148
28062
11251
30454
17753
18334
17780
5941
29851
1821
10087
30537
3284
13899
20112
3831
7308
2083
17994
3905
22407
19685
6951
6783
16015
2759
24791
17073
29812
3815
20299
16916
25680
2693
15129
8691
7439
4207
27939
17344
1583
1724
7540
99
20933
24765
5482
20946
20417
13617
15642
15074
1650
1208
6128
24925
13389
17547
29846
3668
7914
361
21527
2230
21327
11989
19525
32290
15217
30334
26968
28154
11512
7167
21207
19129
21827
18632
14268
17798
9900
21596
17875
30729
11021
23742
12387
24701
24451
17189
2576
25606
32113
24823
30208
19269
21704
2293
29757
27946
7046
10419
19802
31754
22141
7756
24922
10482
16214
5715
24013
4410
19413
1549
7996
10845
14943
5597
16839
8200
18361
4095
9485
22640
29202
10105
26444
4841
27972
11087
7113
21685
11351
31223
16499
6169
9286
18700
14019
29110
11270
5447
17382
8215
7621
20138
23582
14727
7536
5374
15718
27685
10359
6272
7509
1082
21204
29400
28228
11465
21834
3146
32691
7784
20714
24880
32233
12367
27612
15272
5339
32687
11100
13706
14927
8517
12035
5789
25409
4398
12616
25354
10374
21757
28998
11792
7855
1035
27072
1274
25904
10766
31074
1614
12482
14317
24649
31048
21765
30419
14022
31110
4458
12675
16735
2821
9552
2027
17943
10828
28525
8443
18160
11495
7280
11959
17837
1559
10468
30859
29916
17352
14936
24543
31252
22467
5053
4844
9596
293
10511
25038
17036
27152
5688
27098
26136
19872
32049
2865
23946
14881
3946
23701
9071
17279
18028
4476
32053
14845
4029
1635
9778
14634
28675
26469
11241
8978
24941
9484
24457
23473
29007
11111
183
22701
24844
3933
1421
22852
20025
9792
9187
23170
9727
15270
32717
7096
26561
22900
9060
18219
31487
22075
9162
4873
7291
7624
5992
28321
9882
26614
16762
4050
14604
20935
5838
29892
943
3251
32712
11735
14513
6208
31658
985
27126
14803
2322
20092
21945
9926
30661
3847
26229
5306
1962
9035
27142
9263
31002
9433
17419
22866
29271
18546
8080
5909
24153
20927
25578
20613
10449
28482
28897
25689
31592
4749
26133
22214
24647
6322
31130
23963
28125
22266
8678
29321
24540
24538
5869
24514
16773
5154
28298
31431
3366
21624
22561
378
25825
26373
15235
19835
18606
25966
16145
20913
28067
18182
31013
5671
6772
23362
20653
9754
11574
18541
20761
9296
11880
25244
30072
31147
5427
28389
11997
20989
8433
9932
10760
23326
27629
4094
6210
31292
7017
31810
32649
27507
20710
17836
21997
32669
16543
6931
27706
27756
4439
28870
27607
25270
26964
27003
27630
24335
19628
19336
25037
26781
12479
22102
28813
12840
26885
3090
23537
20849
20746
17317
8848
197
22454
5863
823
7889
20434
271
29065
24760
10696
16751
15848
27235
31402
22110
29849
16665
29814
9333
14370
19535
13209
7678
6903
22721
1457
32425
15446
20929
3479
28545
11376
9423
26781
10015
23497
875
14612
23069
6625
30503
14866
4046
26388
31744
16498
12076
7615
5358
19739
22546
13988
3770
5254
23724
11408
25872
8058
28459
17211
32213
26906
22461
13679
11962
7714
18108
3692
16658
24942
5925
12940
26593
14780
5453
23331
23605
3250
7631
2473
5049
19235
10441
13851
17799
12942
5448
15518
12606
18407
18688
20070
23636
28570
30785
27094
14766
18126
10790
7656
28526
8678
19728
7376
12045
21582
28498
25052
21417
9588
28718
28319
15008
5908
15617
25422
2653
24761
28346
30314
23410
17537
23440
3999
30695
8480
28917
2541
9426
25895
27077
24837
10792
18311
13508
19958
3283
26960
8007
5896
12037
17599
6193
5864
19147
3448
7969
16134
31461
26128
13290
6460
17877
3790
23108
3248
24374
29107
1473
27131
4943
12215
514
651
4328
4950
11050
20293
1372
3147
2707
27247
16112
6300
11200
24782
18787
16086
15763
7691
14535
32154
21440
30812
5775
21592
23682
8032
9448
18779
7821
29258
27725
4358
21315
321
18261
14941
12586
15879
24784
1223
31390
8153
22547
17169
25795
16023
32656
28599
27326
10533
27050
22111
24869
31505
14279
30375
23987
30070
24486
1056
18241
7968
23283
10138
8689
12272
29976
26019
27565
19330
11095
20042
7376
20238
21269
23081
8482
13964
31353
6306
23818
23836
14134
4968
4863
7332
22437
2881
15680
4283
10775
29195
12229
198
20073
17917
5749
13664
17881
12848
9113
15616
13591
6238
657
25557
3232
26601
25285
25333
2887
26143
11999
2743
20244
19388
17464
27741
26706
23472
16015
18167
8932
22307
11265
15236
31192
29367
15669
3161
26943
12557
17880
27591
4667
18058
8521
7672
25945
27227
20373
29210
18209
14518
24229
22207
25324
2659
29622
3460
8182
25980
2314
16881
27828
27505
13277
1953
21608
26702
1691
931
4850
26433
25424
17695
6889
28759
21088
4413
16874
21382
12664
9794
1840
9456
20164
14845
10341
20070
17507
14177
30904
23083
10264
32627
11824
23291
25410
12647
6464
5452
18190
15877
31387
19924
12523
19026
27465
24907
21310
9581
2811
2418
30295
21943
26780
29524
17828
310
22824
2764
32037
13628
12481
8007
2848
20803
4608
17867
31254
6428
18313
7225
14069
12873
23522
20943
1935
4263
25477
6384
17739
5712
11571
26152
12315
27327
19596
8299
28078
19765
13021
9885
2278
26204
19001
20056
1420
23850
18123
16361
23619
13065
8810
21403
29370
11061
30318
21561
25638
16741
10178
19150
11760
29613
6459
14255
5290
25507
22568
23739
21832
4801
30507
31970
30349
15882
2887
13540
20163
7408
32569
20827
4527
1910
12556
17916
31428
18322
3560
10778
26519
6613
8235
24171
30355
8525
17338
16399
32238
21163
29850
3278
28379
6817
27578
23714
30978
17294
32275
21621
557
24157
29171
30251
17988
12970
16022
12771
13179
31271
27127
7290
22218
27455
30949
28497
27806
22265
9561
13649
27086
24094
20231
18732
4304
414
23091
2277
26413
4656
28870
25234
7986
17209
22945
7777
18920
25839
23089
2521
25927
2494
22084
26722
6823
6891
8731
19720
16759
8311
15040
16764
31281
16454
22682
24155
30093
14464
4158
14515
15350
22840
30088
18628
2362
16715
29931
11779
4229
25227
22277
29797
15504
4381
8822
16089
16406
8736
20467
31510
2696
23951
1174
664
29953
18281
18040
19685
15228
1039
24450
5909
5701
23533
25216
9361
1965
8796
1655
32027
12802
967
19513
19471
18878
32525
8758
17640
30719
3623
31381
12549
16695
16907
1924
2734
17445
21968
4556
18770
25860
32018
7592
17170
14594
29080
20951
18308
17907
1076
21744
22448
27207
13547
5366
8031
313
5718
11564
5014
5962
72
24106
23133
17134
21938
19505
24516
30085
25027
30652
15400
22668
4179
9303
20403
2837
1409
8628
14114
21364
22683
11004
32203
6460
30271
20579
12510
15210
28096
7935
14315
5855
11723
31450
5796
20756
29771
24390
31717
15113
30089
31088
16881
24702
32408
20792
17407
5990
5872
29760
11509
9113
25945
22339
9075
17097
23563
25001
30483
13495
28691
22360
13039
5030
24568
5324
14692
4368
19871
20842
19734
27289
12140
23569
11060
11073
23722
1523
6910
3293
14637
12195
5764
3528
17461
11374
28848
3798
3734
28655
7302
3465
23574
14814
31147
20104
29719
13353
18980
3148
25974
14150
13665
32285
16818
10439
31866
19261
4945
10287
17336
15971
4991
32260
5463
19818
25337
293
394
18763
18985
26206
32704
19017
17554
11834
29990
11371
23407
9496
1133
12335
5015
10625
2765
4989
29348
11449
28234
14042
24404
8596
8502
8926
24880
19851
32503
488
875
12303
26122
25104
24332
29726
13128
21341
4176
8211
616
13881
6985
30658
22470
20001
972
17604
5986
27809
7306
30992
27948
18560
20861
24523
2687
21816
29062
20578
23787
11944
15188
6101
8759
27917
12679
3158
32166
29999
31253
32530
29306
6360
19693
79
26551
7050
13787
10679
6441
28529
11692
25331
6568
16023
20114
21628
19099
5207
10186
31918
27835
15124
29819
6943
11802
8747
14818
26158
22883
24613
4268
16095
2659
9522
7587
22246
3016
12755
32141
32001
16937
9686
10321
907
18503
15239
3932
30031
8339
17189
31555
3226
8176
29331
27818
8340
30137
23888
1124
31951
29958
10409
14044
22305
811
20525
20147
22447
20354
3682
682
26443
14443
15798
8899
14336
400
17848
8355
15338
16238
26760
30523
32331
7185
1164
13735
4828
22814
7781
12630
3937
13079
18210
9068
17280
2523
12979
13668
8915
29292
4768
16634
5436
5621
2299
18248
8569
524
18323
25391
9720
20020
12138
15096
5100
15014
1129
13627
24736
11345
2387
29952
8459
10783
6136
24869
934
16250
2475
15104
7290
26639
1013
2116
14205
26833
32139
21545
9502
14913
3966
3015
13599
26605
26290
31171
21411
2359
27025
9518
31880
14168
26112
6058
30966
9381
23442
20175
6968
14608
13820
23757
27851
22513
3018
31826
693
13063
13648
7086
27672
20153
20450
9013
28423
7074
328
31460
1944
18765
3948
4936
23867
13885
8278
30108
8778
8497
13914
7986
4577
32678
15504
11284
32751
7580
14213
5354
12173
27293
28208
1054
25487
6140
7976
1599
23897
27739
5652
6563
15861
28783
13666
24913
32098
22792
18492
32541
27694
21067
12471
22805
29511
4162
17998
19996
1550
18584
30864
7637
31405
31133
2581
1987
15530
8848
30646
26030
3517
20766
24573
17736
18655
10278
32475
17680
23460
17343
4505
14455
27082
7804
14097
22337
20242
23535
8222
31791
29518
7275
9297
14043
9404
15886
3814
13539
27794
12031
14326
17993
4570
13557
15854
282
16000
19961
29503
18510
31402
3692
21591
14832
29255
8267
6609
18559
14571
18354
15080
915
32730
4255
29746
21443
29283
2553
9867
11719
11375
12753
8782
218
32601
30439
13004
25698
30976
29552
32246
18643
24859
17686
3165
12241
8397
9793
3421
12181
18554
11413
11156
17809
10200
20668
1433
15447
11337
9061
7915
10423
31080
21388
23848
16935
28641
27132
25984
6761
5767
24083
28264
30823
6560
26566
22931
23138
21635
13028
10782
25419
6502
22431
11019
14193
11121
15432
23024
3165
7959
17498
27120
28666
5285
28858
29419
2810
283
21821
8434
25204
31036
1899
30718
23762
13025
27267
32737
3562
12434
31935
27772
3691
19287
2520
5683
25211
3788
26317
22174
13214
7028
6881
7553
25050
847
6626
20991
12313
21679
29617
21514
4046
18247
7423
12830
20443
16261
13653
26415
12979
7202
28247
13536
12219
503
30793
28149
25591
6674
6098
17675
30178
30217
18688
29574
28829
3726
5005
19660
23116
4164
29793
4529
2494
27345
87
6193
32588
22069
9284
7013
17667
16986
9782
18352
6661
25835
19449
22330
27948
22890
19168
21151
27377
1917
25793
18920
8844
17289
22082
6586
1629
23938
31315
4301
19339
4610
18172
2464
27883
4504
1881
19563
21795
4706
30435
19798
29711
8158
8688
6888
17251
7421
12158
4290
32402
11385
30764
8845
4591
29545
3721
21297
1298
27155
7313
11335
25726
12033
14965
18898
28289
4183
8859
20009
1883
16227
26342
21048
14498
25206
2871
9704
16356
30962
10548
29916
28815
17829
328
9054
27918
13141
7402
30617
31541
26524
26147
25352
30687
30711
22602
46
11733
29977
11795
6280
5106
16517
12488
18112
13957
24667
3285
2339
20471
17778
20362
22613
21678
14248
29213
5699
30256
23670
5614
26970
24972
3016
22031
22519
15606
26379
20996
14366
10417
26247
21959
18286
18226
20719
17168
32596
4226
20790
8146
31104
29924
7845
28169
30869
4792
27435
12467
26917
927
3060
16924
28380
1248
4156
24415
20987
32522
14950
3370
24840
12507
3912
14785
6852
353
28618
16454
13406
15711
28847
12599
20454
17394
25778
1080
30468
26228
19669
5907
11754
32673
8950
7677
12935
1528
12963
26907
15358
7524
29743
9028
20054
27676
7685
28169
30323
14024
24637
32498
581
2021
32365
8715
2367
26218
15298
17823
22795
24492
19791
29508
6780
26751
18084
23063
17092
22942
13475
20041
9447
2893
23183
25051
14191
21564
17766
31397
25186
28591
10609
2461
26993
3804
15897
18262
18034
6548
3068
6599
2064
25126
24896
1870
2241
20609
24615
23285
4601
18584
23524
24051
16286
20491
30638
19062
14267
14083
15378
23455
2680
18525
5773
7886
20042
17676
30554
27169
19559
11960
393
7223
20861
9643
337
2362
30371
24046
7335
14620
30352
28591
29199
23328
25354
1766
6579
4765
20130
13881
15538
255
16031
28956
14010
12558
31032
28988
30169
18291
1030
2846
3216
7287
26296
13827
10794
8975
1545
19216
27979
16662
10991
16299
17612
31961
2581
24360
21190
9176
24460
18341
1517
20171
29374
11826
23840
26340
5795
11830
2366
4180
31287
10254
24890
7696
23851
29430
23666
29397
31962
26157
1852
29545
19840
32084
9666
28197
21414
7191
30993
7088
12769
13584
23148
7437
16060
22504
8422
6872
14067
27328
1328
27084
24546
4815
30639
22665
11836
4172
7377
2708
17664
4494
25506
1184
24745
16754
27290
19980
678
5373
9913
19372
28937
7234
215
14284
24195
23174
23861
23410
20112
27043
16727
27876
2543
27818
3094
14186
14165
5580
29681
28757
27746
17275
16292
23872
19156
30924
27900
12182
32251
13600
14825
14677
11373
28419
17365
24337
12794
13908
12596
27451
13794
16807
6492
9891
28998
27367
7831
23100
14813
24384
28279
7711
9448
1595
7274
6611
22120
25643
2702
6604
20622
31689
21703
7729
22387
29467
29198
18147
15625
32666
12
16570
10578
23955
27879
6162
13007
22222
29532
5254
23356
7278
7438
507
17530
30744
16157
2785
12749
6231
9467
1973
10567
31807
23931
26570
18820
16977
24107
5962
10136
24223
28900
1655
18758
31793
8095
13879
3955
3494
4746
28112
9433
20766
5212
32240
17664
19288
12517
13552
28522
32280
8681
26713
23310
24012
32302
14248
15881
19054
24276
27726
15759
4012
28389
6907
6695
12359
6445
27164
27672
185
18508
8611
1054
21786
27913
26630
17506
17988
16105
20618
1449
21046
27393
7873
23756
23478
9480
25425
21608
19771
20144
22008
28374
25353
10550
4301
1118
24734
17720
4297
20903
13645
9416
8069
19058
21545
17342
2629
1160
17188
31314
18998
20209
9592
28138
500
18791
17734
1072
29775
4107
24701
3176
22607
20310
15614
4865
11894
21585
18430
4969
31556
27913
17579
31782
2817
11581
19986
14627
8886
27483
12352
14407
17021
2475
23719
7244
23802
24521
32196
4559
10282
22616
28159
31395
27483
5877
5587
25451
28284
14954
29998
30568
28311
3876
23579
26255
15260
17896
5790
29151
25440
705
4063
4593
3557
22589
12427
27601
28380
728
31864
2060
28776
30905
13192
10
31525
8604
31183
5534
32617
19216
19192
26844
9162
11490
15588
16427
15584
4569
21909
5787
29260
30883
30795
25720
13560
16656
11756
22047
27297
14718
19625
25872
29331
8341
17119
1861
26548
28468
2363
26818
17348
32426
34
25454
18403
24362
15440
10529
20052
29305
1727
21502
27008
7914
5066
20739
29758
11916
13714
22750
30545
11938
3489
27394
2098
25427
461
32507
1297
9123
30815
24574
21014
12706
8053
26309
31724
25315
17317
1434
25472
11568
31203
23217
22278
27516
8357
15546
15422
28441
31813
30135
12277
12588
29350
8203
16078
14429
10778
22996
6978
1747
3971
17019
29926
9311
1977
30346
21740
6391
20524
32189
9197
27495
21195
24411
15590
30787
28964
20678
12672
13600
2764
12881
9108
13315
17153
20051
22510
31514
18830
3706
26193
1194
10991
7009
10940
31561
27574
6756
23532
1613
29485
32179
27426
14980
2365
6821
4390
806
27534
31311
11404
5895
15856
6230
21814
19985
23034
1025
18714
27378
16880
6034
5701
11538
15082
14807
9760
16072
21043
24060
3571
21453
20976
13731
18599
3057
26882
18742
15824
28172
2605
27260
14827
3896
18041
13675
15331
14909
9944
4926
15323
11085
18698
29639
20263
13298
17342
12549
19867
23364
5626
20729
23561
20063
9660
6582
5
13588
4578
11192
8427
16095
23367
5750
6692
31769
10543
6970
17060
22383
11493
4657
3511
17299
26786
9662
10494
28977
23985
22548
15284
8485
26065
1796
11062
26347
15323
25107
2243
28503
30628
1744
3200
8070
293
14181
16831
8212
16089
24427
18560
10383
871
23299
20536
7980
32385
13346
12242
24761
13580
18988
16116
17619
17537
6085
21635
12889
30099
2788
3689
22561
25106
9000
18070
24041
12815
19056
22852
8592
13377
7078
8320
21638
21927
3035
18662
3457
15471
10649
25516
8817
2583
26228
23010
24247
2258
7907
9463
27025
18477
21582
28800
28889
27890
19816
2357
27632
14412
4287
15676
2805
2605
28050
4523
9786
25325
1762
29000
16888
10292
5323
14483
31297
12569
20501
17158
27447
23947
15367
23963
27004
15600
17019
17039
7913
2061
22072
613
24451
29222
3963
32303
19114
5478
30423
22281
3220
32385
29247
30438
21498
7063
2146
5775
20497
4700
28215
25832
19132
16758
4824
13173
13056
28966
7571
19486
11192
30507
4670
21551
29322
20963
4044
24739
13081
32436
23838
8098
6780
4010
14363
15176
16112
17505
6915
22952
12233
10790
27648
24081
16815
1881
19199
20368
27398
5653
29117
2229
17582
21012
23077
5274
749
24012
7897
23842
31401
17118
18959
3711
1755
4529
1694
21495
25152
9306
26456
20967
18770
2240
14491
264
30838
22013
4131
20209
23159
28935
3874
10205
31539
1167
2707
19887
4756
12329
3531
8243
15298
12974
27473
15015
11415
5086
20463
2682
340
4426
3081
17235
28818
21106
1838
21589
31611
10282
4589
17058
28217
23362
2538
3357
17583
20069
1073
32117
18279
30530
29129
2655
29900
29418
29325
12066
2714
14713
18999
23641
17298
13561
11198
26100
7538
16259
20194
4737
15140
19623
1028
12202
14134
16911
14908
20478
31370
17246
11174
5620
27471
30046
9212
12332
2095
31835
5482
27385
17354
14794
28573
31517
13412
3375
27934
26067
27610
7229
19166
10771
3035
26174
7698
3857
27220
9909
15424
15367
23084
19266
27034
32052
27698
199
16780
23076
15444
7113
3473
24883
7953
24601
32330
19533
17201
27571
31441
25335
7091
18662
31307
15763
9735
27573
7100
19935
24701
7806
28704
20672
1278
8665
10935
3390
23546
963
11168
1231
15265
29180
6313
30936
1878
2989
30822
26993
17248
30286
896
29033
4323
14791
8272
9097
9743
10197
15532
19741
5784
21168
31233
16817
102
22251
24482
5145
28813
31899
1888
24756
5247
29627
30811
3313
2945
12239
9240
8209
27739
9928
14803
6447
21332
30504
17430
26238
3165
14694
17546
25043
11661
148
16910
30307
13773
20031
32006
21453
981
32151
15861
21083
14679
27087
29263
27780
24185
21447
2952
29110
22921
19177
21617
22099
3820
7505
12484
17658
15704
4912
31485
21767
27204
31090
29804
2653
29340
16286
31625
611
5048
11518
31879
29260
143
28929
20524
23196
22312
4829
31967
5095
2642
1144
3587
6364
5013
23689
30083
12675
360
31738
11182
25539
13732
8850
326
19751
26681
14032
22483
18914
16928
17690
13373
3344
9361
31255
24474
3646
28789
7257
2629
28717
25118
18751
9520
17619
21814
31001
25979
21155
1269
3726
9797
16142
7319
30011
7362
16970
11278
5021
4749
18514
21748
5169
6720
9006
17347
18905
29251
12916
18760
13186
2529
9231
10325
25348
23713
12863
27575
19273
6099
737
22631
14770
15977
3057
20485
32438
16136
8525
14209
2509
12383
4027
13852
31884
10168
26926
24719
30993
24012
26181
9353
12193
5596
277
2143
28560
31485
11560
4863
16225
26548
20677
28711
16431
19394
25458
9428
24652
9281
21944
26620
8487
14832
9766
29567
29811
6604
18329
24924
29829
31712
15546
26912
31742
3165
3271
4517
24747
19181
30103
11000
21929
29765
32472
9371
14541
10745
21148
5101
20290
19605
32532
32486
13684
15337
1434
16135
1581
29092
23285
4241
31998
10789
15577
8694
6113
3981
174
14221
31772
6937
16274
14217
8809
8367
929
12844
3667
14518
23156
14904
5347
31787
28903
8615
30332
18161
7200
28315
20484
29801
29645
7320
10052
19011
25004
32241
5778
1428
19025
20864
23469
15912
13092
24730
19944
5145
2473
14658
32651
23456
28676
22685
3702
15148
12988
22951
26631
28593
19391
31779
1086
11075
5798
6104
23583
16867
6715
20474
8024
6297
2872
6887
27940
2755
27730
29204
5231
14764
28534
15942
7995
31328
31827
21509
11586
21951
24
5197
25053
20177
27263
1416
26916
25433
31754
30905
22615
31405
18828
3834
28029
14020
6380
13096
29258
23441
31526
23517
17990
16527
18322
10654
21548
158
23657
13654
30352
23565
18565
8963
4037
248
17000
19632
22782
11732
4224
6563
11443
25160
18090
21975
20551
4670
31988
7597
231
3899
25511
12766
18357
7147
22661
18356
22822
24065
24911
10618
936
8766
12170
15153
29065
9934
4483
14212
16916
24539
29841
14590
15869
27229
23706
25467
11007
8495
29912
16860
707
2152
7645
11263
4356
744
7381
18671
15601
1585
20492
343
466
16505
3248
30269
23279
25853
2519
20460
9901
4759
31939
31026
17659
2195
19045
6860
29932
7615
29217
27423
13733
11713
5585
9769
11898
28845
17164
16822
25172
28887
25000
12759
12886
4838
27517
20880
29632
25642
20844
17361
7443
9008
12705
24743
20086
13971
17172
692
14680
1556
6742
18653
11095
27117
11146
8258
16480
9315
11697
10867
24
6555
17196
21473
27259
14766
2939
11922
14275
20735
587
25881
20364
13005
20400
22982
15157
29188
28079
17946
6025
7257
18175
28285
18847
11157
13072
15923
31486
8497
29517
24461
8453
36
5535
9308
5003
6393
24626
21163
30402
23588
10875
10670
31841
9878
18298
13045
16386
15503
25916
13285
17096
26292
1445
21353
19014
25953
29804
18405
9884
11840
24167
8556
9187
10267
28169
1074
10956
22766
4393
26436
21635
14913
19460
11126
30170
10164
15750
7837
26019
7132
14533
16127
605
12109
6095
21256
15124
3576
11173
10559
8066
22200
28039
5240
15226
6439
21874
30794
16775
26038
31208
31171
18640
9213
23791
10331
8766
9039
2652
13095
2273
6546
27473
32335
12688
1101
29445
11458
32208
8195
2243
29224
22008
27072
21302
16665
28306
24305
18659
10636
32003
28536
10743
31634
8047
22016
18243
580
31703
19086
14981
27385
23172
17241
29673
11453
16297
14300
16591
1023
18500
6697
12239
22154
20037
31360
30202
5047
6130
2336
14691
25824
5770
27229
25823
16919
30760
4339
26888
16152
4331
4762
3720
9341
24404
10971
15764
10545
12271
24609
24246
24615
9270
32531
14544
11852
8370
24609
28766
23738
26211
11101
3067
6958
23394
3725
8743
1724
18117
6526
5191
2241
963
13467
31469
8730
28697
26045
10074
30355
6571
22341
24129
11426
28527
21865
12238
30038
31111
13771
4327
20618
23725
23888
6578
24926
11476
22575
3415
26344
21260
14408
3847
11558
2727
11704
10301
2615
14746
3498
1091
15307
10278
15215
1273
14553
23479
10194
5330
19344
6412
23205
23071
1935
20888
15008
12176
28760
40
1900
1527
25602
14535
14842
4944
7727
28638
16153
29439
26430
15520
16456
7000
17346
6821
28360
19556
14386
28373
1270
23522
29922
21384
29144
653
32305
28652
25334
3741
9476
24230
8299
8080
25460
26556
28475
20266
29124
4530
28135
27579
10134
19955
7999
10144
32094
17523
6008
25100
16918
659
32638
27913
22836
4421
25227
29881
5337
13936
31225
27618
75
26006
27477
8617
11941
9140
11444
25758
25037
25193
842
22265
7591
5723
20536
22563
31624
3287
8102
10105
20974
17591
11794
9292
1134
20105
22503
20268
4077
30701
10066
28774
10003
17983
29777
1995
29437
1142
19213
27059
19506
26700
3177
11586
32729
4768
31963
20458
29993
28440
13691
12849
18208
14090
11097
20917
9848
7069
16660
25709
6103
23339
5800
14641
25158
17898
2952
381
16868
30156
9965
26738
13019
15779
23149
6941
26772
5001
21199
9724
17703
31359
19230
19390
25878
12116
5628
14667
4922
7369
20793
15108
14589
23282
30628
22348
7882
15839
17697
29255
4290
14204
8444
24289
15281
4278
637
275
22080
15839
957
25954
27244
21076
5815
29096
21302
22365
4258
4886
17052
2644
32639
3450
25545
17930
32238
20414
28041
7014
31045
29105
14591
23887
7651
16139
12442
9164
24002
29611
11077
2666
17740
3362
2014
11743
4720
21877
7402
11500
16884
2847
20615
12424
1805
19030
27809
16186
24877
7055
873
24519
17436
19268
30723
20237
1610
28405
32639
19759
2404
15213
11787
17906
20773
4166
25703
22631
31855
23727
12697
459
21658
16749
31969
28587
26380
5152
3055
15691
23817
10184
14676
8265
1485
32391
28471
18558
18136
18601
14921
30501
26250
21729
2299
4415
25839
21973
27374
12598
22236
8413
25770
31680
30523
18952
11156
15366
25251
16737
24090
2822
12588
21872
3121
1589
25217
16131
9217
22889
20534
6702
5854
8183
6748
28816
19067
24856
16979
14552
10842
11154
26592
28552
28039
5268
23679
11513
25734
7649
251
23711
25482
18224
8507
31119
7400
20179
16991
29758
32714
26008
5900
9612
28456
23021
3587
29441
25844
32327
12025
2134
21909
20164
14755
18999
26519
6671
15120
26183
21409
12676
3387
9317
167
25748
29921
23854
12384
19307
20880
14786
20475
9425
5121
8395
16654
19278
28327
29884
11983
1426
29832
1879
17286
13843
6732
26226
21058
11768
19859
26106
18635
10038
5772
2872
32217
10745
30660
15699
12163
24901
59
24343
17914
8925
17341
13812
11895
11876
11631
16970
25202
26562
24745
27876
28437
4297
7171
11714
4336
17945
21171
4123
14318
17216
28694
14242
1928
12838
31116
19209
10040
2473
649
26563
30513
16260
9961
783
32077
20853
32644
23602
7751
27039
17667
25603
30506
8749
5362
15789
27401
11320
3350
15537
14577
24042
12544
1066
11804
27620
19938
11093
18535
20958
20642
2896
23814
11917
16941
6690
6007
5834
24078
30460
25780
9200
30527
3007
7853
16774
7998
26557
3061
32286
17252
14276
1980
25468
13427
32601
26109
6651
19566
30529
26616
23341
9901
13638
21731
30658
7728
311
2781
29867
1588
31537
7203
895
20740
30493
19590
23069
6418
12666
797
11667
16454
16733
1079
21566
6550
27573
1939
21299
20695
15316
32468
23262
1234
1323
8239
30441
18331
12885
2407
30047
31006
1368
3835
18706
12283
11559
2974
27450
9364
21611
17383
94
21091
3458
12874
17528
17298
16328
20295
596
15045
31254
10721
6713
12091
20105
25682
23499
20245
7045
26877
14128
31733
26105
27556
2418
30155
10468
2779
2084
10220
15896
9660
4169
19557
17470
14813
23665
22926
9754
23935
26149
28130
10000
10760
30341
11789
6375
10932
10800
18759
7886
9095
27748
6113
8604
17542
11623
2077
22876
7462
22565
19779
4105
25605
19226
1265
406
26328
22642
18099
32049
13988
4463
20947
11209
25650
24844
19827
8142
24765
14816
20184
4664
22253
23364
6665
28874
4105
29112
20633
8600
14696
5763
705
8135
7720
29338
22194
21908
10531
2243
14888
22423
17183
27386
21059
25929
24901
24340
7571
21189
22485
13986
31857
16331
17687
24088
5014
16394
10389
26415
15590
22687
31367
4743
31373
30425
22415
7313
8269
17471
5286
20908
10006
31700
20310
11662
24280
9369
20011
2534
29333
21844
17764
8255
29370
26000
21485
25384
22959
12261
19602
29330
16045
18809
8045
12153
10960
21191
30624
12999
17517
17823
24906
11125
17573
25710
2995
26611
27450
11968
31690
3786
25762
32515
17106
19072
22106
13710
3416
27835
1405
5346
7784
19626
19349
13103
2816
25761
19889
9498
18885
29443
10680
17853
27381
8805
3580
16367
3229
31984
28434
15558
24332
12039
20450
23387
19847
23850
20474
21965
7998
4379
29736
30601
9343
575
23879
18632
17450
15686
24921
4953
32101
28431
15062
9376
12688
22213
16964
28895
19068
9039
26120
31668
4311
16359
21628
10723
18155
21512
3137
24662
23433
31374
18135
5218
18751
29721
29034
12620
30161
22706
10223
30476
9703
3249
26224
13904
22788
31965
25764
3524
8631
26070
20419
3217
19989
10928
22168
24099
29798
32481
15320
25392
14367
26461
25266
23542
23313
22271
2471
1988
28383
27179
10140
23995
15029
1458
7982
17110
10551
23797
15429
24872
21176
9038
12268
1125
30637
27819
32352
8100
32609
380
4966
24675
20202
10704
28898
29388
3163
13242
11174
23351
8763
14586
10888
2287
5942
26585
23479
1593
3603
21333
21583
27026
486
3710
3626
27705
4743
5920
14330
18925
30018
21410
19348
19960
24016
10286
24207
12652
29574
26387
24846
11949
9933
8295
16090
28207
31442
5360
5812
12417
6015
20549
31721
22923
14249
11824
30246
16660
18315
20311
13198
27783
18291
16667
8458
5622
18107
23745
23776
9311
2811
8655
14216
31022
14205
4025
14011
14084
2289
17085
20172
26039
31074
22540
17979
6042
24681
23850
30600
29694
25505
20119
25925
19192
19290
27055
21615
5733
3986
21967
24830
3116
12577
26809
16571
9667
13107
2618
10322
16629
18683
31498
1704
15842
2982
755
2670
15943
19598
18997
9719
27135
22449
25130
1350
23754
14945
16678
10860
8526
25149
13729
9233
23899
10335
5272
4688
4979
7383
10032
28104
7562
9816
7069
17647
17674
18994
32066
25514
7194
12416
30745
6427
31776
14499
27478
4026
19844
12783
3911
27560
31928
3235
12927
9024
16501
5919
21043
17902
5447
6993
4580
9540
4683
28785
22078
5194
31543
21742
1857
12566
13212
9384
15774
27805
30568
16223
24420
17609
31919
13163
28635
25804
25259
174
5808
8115
4609
1992
8787
31038
29253
31113
2462
12527
6337
23212
12471
865
21618
28610
30007
5595
15188
9580
17804
16421
7392
18637
18332
10394
32210
9279
21162
26239
303
21573
16510
7827
25223
26818
22976
19943
25975
9832
24998
14064
24179
31858
1231
9435
14530
662
12142
31008
7626
4917
3754
14170
8590
21974
16709
854
6261
19922
31612
17770
31309
16720
8751
26888
30351
3188
8514
27026
7653
13524
323
8560
17641
20780
77
3937
1072
6482
12844
1550
31111
12908
27585
31205
11900
2912
32168
24868
18465
23948
537
23092
25612
9656
16908
3129
18082
10568
30113
30183
16022
23478
25534
7831
25004
14400
9466
23962
1731
25566
3514
11213
8466
11127
921
13165
24754
12884
16910
4653
15452
25813
21065
390
18549
867
14941
22863
32583
22949
10148
8333
24210
30199
6239
8332
32323
29976
18590
11823
1155
13858
26208
7556
6899
2752
20730
5019
18742
14235
26557
10905
22705
22805
11219
7176
9614
58
14698
25969
263
7155
23573
6957
2273
637
17006
23928
6198
12058
5377
9159
13688
2055
29797
21084
8627
16557
8876
19991
27922
11291
23550
655
13477
5044
8832
3681
28001
26149
378
2504
24681
21147
3002
7022
15500
9266
6451
20354
24846
29104
2026
25867
17835
30067
1043
1404
9177
8616
7030
6792
17742
17598
8216
13879
7106
21018
7704
16698
1526
8973
26839
25468
26101
17411
859
23289
27801
8701
26614
13523
15954
11329
29474
7330
21795
15951
30128
13836
17389
26136
12834
13463
16112
23147
18773
9658
3471
13744
23139
8506
18771
18648
22983
21428
3635
6804
25538
6005
19
26309
3582
3986
18826
12852
31858
31030
30696
18052
15749
10038
22648
10853
12662
23531
15106
27146
251
30016
15764
17372
26408
7946
1410
3440
21139
32664
2476
25782
8630
4747
20991
372
32404
9704
20543
15091
7584
11628
13827
5625
25562
24608
27649
28406
14395
21549
3723
5250
1107
3312
4954
26119
10289
12113
31883
19131
25987
20561
15591
5330
1534
4579
12647
9457
16640
509
21495
25061
9332
28654
2939
22677
1271
11250
15632
6197
14648
25860
660
7869
9381
6387
10856
27034
21828
19128
25716
32419
14558
29447
16492
334
11619
24356
24914
10276
28810
29176
2621
9842
12984
31588
26712
24130
20771
6613
15917
28297
31543
23065
21540
29090
18233
2417
21062
32763
31274
28135
26439
19215
1774
22753
24772
25748
2221
18423
6345
1525
15482
2050
23702
27650
15922
3701
12451
6887
3239
31985
5601
7770
6398
787
13379
6681
25942
4753
3709
16020
30379
6533
8972
30182
7673
14088
7798
23818
23716
7683
723
23884
26647
6722
26764
31229
4267
27594
15459
9835
4043
27757
7859
14353
343
13211
18425
18698
3141
11387
5780
7884
32398
21050
10697
26898
24648
1700
11786
27930
16911
14065
15992
28945
19114
17121
32678
31692
18412
23051
22432
15544
18135
17265
26412
12308
30472
17241
10319
21341
23887
4952
22035
32266
6557
8368
392
12922
17443
1244
30729
31531
9656
27752
24256
10284
20347
24582
10093
213
21946
9183
16994
15797
12819
8487
12754
24268
4313
3572
25164
12794
3514
18256
27779
7608
9118
4492
9296
1030
21457
13016
6394
20900
18533
7185
27316
3461
30162
5082
6503
31873
32736
6126
12466
11594
26055
26805
30000
161
14740
29461
30457
458
26318
3210
11627
9021
19546
13689
42
13214
11676
21953
24933
7919
16095
10132
23899
20485
20727
17541
17182
17976
24612
2273
19095
13151
2618
16707
23499
13820
12287
22115
23388
947
17877
27439
8275
6145
6041
8477
30492
15146
970
30399
21970
30067
29166
29848
9662
17042
2097
7214
17946
6499
25680
19808
11290
7132
23477
5626
17453
835
1764
8071
30848
7326
7189
12134
195
26988
23842
27936
24369
14482
7332
25337
11978
19352
7769
27845
9955
23573
22218
2301
30689
5480
20010
16402
25922
22185
10880
5633
16605
20704
9481
14888
11114
21876
28375
26968
15940
26854
18623
13867
622
28094
21106
11160
22740
31686
21738
32196
14292
14199
3080
15643
25085
15793
13179
16288
31255
30639
23267
13441
6243
27449
17718
5615
17700
23323
22371
27948
31837
19415
23094
7398
7901
16535
4988
9667
29817
17509
31335
6461
9113
5022
2868
11952
16886
31140
32266
11953
25249
14036
25894
10402
17736
696
30261
9859
2741
32381
769
21259
4759
11175
25936
17912
26245
15107
25097
27299
22080
18397
18329
13527
10552
21364
19349
6115
2386
5291
27553
29678
2793
28673
21904
28043
30227
11203
6861
25486
13605
13441
13049
30493
3193
1470
4565
23050
32622
2795
21603
22368
1713
3223
18760
19003
31675
32224
22645
30429
23963
15917
3590
31231
21238
8991
19562
16997
3404
24260
27077
18613
29052
5646
15506
31113
10635
15236
23437
1475
929
568
5328
3361
16980
31993
24636
22289
16937
15817
20762
3526
6232
2450
19202
12171
3792
29716
32252
10839
8571
30754
28134
21922
24771
24590
2326
15992
23893
4706
4672
31180
293
5840
24985
28942
31154
26476
16700
23808
6027
25113
26829
25285
18194
28225
23645
1850
1664
10954
12942
27786
32041
14405
1528
3581
6146
29544
5579
28177
20320
13246
22965
27340
31234
25245
3334
11344
20818
32345
29970
25008
2792
23991
26326
16386
11088
18340
20447
30646
30221
13095
18024
5158
7901
17301
25795
31085
8255
21764
29690
29821
23347
11521
10677
4460
25665
9094
32094
11279
8636
22566
22660
28362
8008
18315
9853
13222
15002
21794
1872
31652
3455
7445
10706
28754
14624
8826
4366
9115
30340
11722
18666
483
4182
28564
19976
10836
10729
15218
11499
8562
30585
28477
7259
4598
19380
23165
5898
4057
7800
14883
14455
4527
28895
7291
24851
5174
12921
16732
26019
7215
3032
19106
19941
2668
12882
20701
26230
30251
10498
12363
10739
418
4880
8708
17758
23771
31538
30069
15300
27330
13427
32271
27933
15485
14388
2368
1140
22267
9584
28835
4424
30416
17732
7284
20529
17984
14510
2630
26311
14745
13205
11256
5823
1479
26889
13029
11351
25890
3277
7003
11253
7818
3602
3151
778
694
28550
24398
16445
21449
24717
25783
5830
19238
31694
14376
12567
12678
20210
14646
5826
15688
4008
31841
10647
11016
8685
18502
32268
17522
21386
29463
4835
18776
28894
13385
11270
28419
5853
16012
21686
27079
26201
13824
19684
13530
31873
22182
26079
3175
21671
24341
4656
19933
30534
4974
11458
12941
6723
27793
15175
6260
5747
18321
12246
19797
22110
10598
28121
4108
8770
27362
5670
15390
27995
24807
24172
21396
2146
21718
30673
23306
23892
24906
18649
15363
6260
1799
32394
8575
25235
3629
14542
720
4239
1970
22040
20649
27674
782
8778
30840
31164
19512
27863
12789
24603
17874
18980
19195
21627
13216
1077
26008
12417
2367
32389
23648
5436
4372
4405
16646
16230
32642
8041
10541
28902
18016
27888
15739
5018
15530
30499
16111
31060
28278
21775
30325
23842
10538
25302
17080
2515
6125
15442
14392
18870
1115
19196
1948
933
3965
27404
7753
10562
30456
27618
13619
23169
14980
28581
16883
25191
13728
28202
32283
28945
389
24343
30918
14071
13144
20296
26227
17778
19107
25969
8979
22652
25606
6661
6752
28087
1066
9815
2673
19634
3831
28416
21643
25703
16135
28032
20539
8712
12634
23848
21665
9467
22859
12087
27663
29731
28866
2627
26067
6241
14508
22746
14928
16474
7592
11114
30036
20859
5379
29022
6821
2619
17895
19850
14557
6560
21199
2505
7800
20485
22334
28132
25900
19738
28081
32182
18297
20268
20946
25230
29824
1959
29422
981
22040
6361
2729
4849
32031
8440
3057
3688
10254
30311
32304
73
6096
31029
6342
31688
9941
7655
12982
7720
22114
5495
23199
5854
17963
13980
10991
31475
18979
3148
11859
26538
4755
11647
26738
14435
6761
16951
22234
21439
20435
22973
32314
21509
11021
30253
22483
3780
10104
28980
13097
16314
21227
7705
24574
23285
26445
19706
13440
19000
8804
4953
17346
6560
20456
32215
22633
22407
14812
3902
1960
11177
29470
12485
28782
27013
12348
30608
31453
8711
8841
25463
11263
30819
2416
31496
25012
15940
28169
26831
2799
6950
15594
32213
12322
17152
12864
15718
24567
39
19486
22039
21569
5231
14100
11272
25394
13715
26884
22631
4302
10455
24113
16949
21663
16875
11417
13389
26539
18707
24965
5282
11939
3205
23902
8392
5213
8466
8642
21430
26756
5641
17879
22730
5775
8281
1247
12301
18671
245
6925
26553
19597
10877
25751
3832
18547
27162
29453
17903
7625
6058
3305
3835
1028
4381
19303
17722
13658
1310
19095
23630
16249
20726
8112
19805
19576
30126
2471
21852
30734
26740
4096
26766
1282
16961
997
32583
1762
4792
6005
8182
21496
23120
32606
19042
21370
28597
21166
10292
31745
21612
7398
9910
5692
15542
22096
24026
6118
20152
13971
26750
10997
23768
5509
4590
13589
8042
20032
31915
29524
12684
22648
9835
32287
21838
3084
