100
203
665
835
907
1765
1948
1957
2017
2340
2569
2806
3061
3545
3741
3987
4226
4292
4794
5012
5110
5118
5159
5201
5236
5408
5982
6489
6863
7584
7668
8820
8969
9096
9285
9355
9371
9399
10709
10980
11339
11507
11871
12139
12902
13978
14023
14196
14925
15126
16089
16179
16609
16973
17245
17608
17612
19006
19212
19307
20247
20380
20915
21109
21110
21242
21585
21609
21665
21745
21806
22204
22332
22355
22871
23528
23805
24519
24879
25503
25596
25604
26154
26161
26638
27064
27208
27585
28127
28246
28744
28946
30075
30279
30791
30873
31402
31646
32036
32304
32480
