1000
81
115
143
166
242
265
286
309
323
381
386
400
445
477
480
515
539
558
570
602
626
703
739
744
751
814
888
930
974
1001
1005
1058
1061
1102
1148
1195
1200
1271
1276
1324
1338
1356
1425
1458
1511
1553
1562
1590
1627
1652
1658
1680
1695
1712
1776
1812
1813
1816
1826
1847
1849
1891
1908
1943
1967
2161
2239
2246
2258
2268
2285
2285
2321
2361
2387
2387
2456
2461
2463
2662
2698
2705
2708
2731
2733
2767
2814
2840
2877
2892
2949
2955
2969
2972
3018
3022
3129
3140
3155
3172
3176
3220
3244
3257
3283
3321
3353
3393
3451
3456
3520
3533
3560
3604
3617
3642
3648
3694
3730
3733
3741
3756
3787
3790
3812
3851
3860
3865
3886
3976
4008
4081
4083
4141
4208
4307
4349
4398
4443
4510
4520
4532
4621
4693
4718
4728
4729
4769
4782
4797
4802
4815
4829
4872
4895
4978
5018
5035
5188
5219
5244
5319
5359
5383
5390
5402
5409
5418
5422
5460
5464
5480
5487
5496
5497
5513
5543
5598
5605
5649
5745
5760
5835
5874
5890
5905
5921
5967
6020
6078
6099
6105
6130
6139
6202
6220
6232
6256
6476
6486
6533
6535
6544
6586
6610
6611
6698
6702
6702
6740
6766
6780
6809
6927
6966
6973
6990
7022
7033
7082
7136
7145
7162
7179
7241
7292
7308
7347
7361
7371
7421
7464
7474
7481
7517
7523
7533
7538
7547
7569
7575
7579
7588
7589
7612
7628
7659
7685
7695
7720
7733
7779
7884
7887
7899
7913
7936
7958
7985
8003
8027
8071
8112
8119
8159
8182
8186
8190
8266
8267
8382
8400
8435
8451
8470
8482
8502
8520
8591
8594
8621
8643
8659
8660
8690
8692
8749
8764
8765
8828
8859
8887
8896
9022
9050
9051
9052
9057
9085
9103
9160
9168
9244
9258
9280
9312
9324
9344
9347
9353
9369
9372
9489
9542
9563
9653
9753
9795
9798
9830
9880
9881
9908
9913
9914
9918
9935
9935
9951
9958
9992
9998
10002
10040
10056
10079
10121
10128
10152
10159
10191
10199
10247
10294
10303
10337
10396
10397
10448
10459
10484
10523
10540
10555
10562
10616
10682
10694
10704
10709
10726
10729
10739
10750
10790
10803
10815
10846
10871
10901
10928
10930
11024
11092
11285
11360
11361
11369
11376
11400
11412
11494
11542
11637
11638
11660
11666
11684
11693
11716
11777
11790
11802
11804
11836
11837
11890
11955
11991
12014
12059
12097
12140
12181
12217
12222
12271
12291
12311
12361
12391
12411
12604
12634
12635
12646
12734
12784
12785
12819
12830
12836
12837
12881
13099
13130
13150
13167
13179
13210
13240
13248
13266
13278
13282
13337
13356
13422
13426
13436
13511
13514
13515
13518
13552
13566
13577
13584
13592
13592
13597
13638
13650
13665
13759
13778
13797
13826
13844
13846
13869
13883
13993
14055
14101
14137
14163
14199
14223
14256
14296
14313
14322
14358
14516
14552
14570
14571
14605
14640
14642
14667
14730
14743
14760
14785
14854
14984
14989
15036
15104
15137
15143
15280
15355
15394
15423
15432
15436
15438
15489
15514
15566
15569
15585
15591
15625
15640
15698
15714
15722
15749
15816
15827
15916
15953
16022
16048
16051
16191
16193
16204
16319
16333
16353
16388
16424
16442
16466
16516
16559
16621
16664
16682
16708
16724
16800
16803
16814
16931
16936
16978
17018
17020
17048
17262
17282
17287
17335
17384
17414
17439
17477
17486
17562
17676
17687
17697
17726
17840
17845
17885
17885
17904
17920
17989
17991
18002
18026
18093
18124
18146
18217
18268
18268
18317
18357
18380
18388
18398
18413
18508
18552
18570
18571
18631
18633
18653
18687
18690
18696
18730
18730
18772
18805
18817
18852
18865
18881
18891
18923
19019
19080
19084
19094
19148
19160
19250
19250
19274
19353
19382
19442
19469
19498
19543
19577
19587
19588
19596
19613
19636
19636
19644
19691
19775
19781
19804
19903
19913
20007
20043
20050
20051
20056
20060
20082
20212
20218
20235
20257
20267
20319
20323
20382
20463
20491
20535
20535
20598
20603
20650
20732
20742
20806
20820
20863
20865
20938
21001
21080
21080
21127
21151
21161
21235
21260
21264
21273
21289
21300
21317
21329
21404
21432
21458
21482
21484
21510
21554
21565
21571
21605
21701
21753
21797
21802
21854
21862
21881
21913
21924
21952
22008
22041
22042
22044
22046
22068
22124
22143
22170
22199
22209
22227
22242
22321
22326
22352
22387
22400
22424
22437
22483
22537
22566
22616
22624
22654
22739
22740
22748
22809
22824
22863
22864
22934
22941
23006
23019
23091
23102
23114
23119
23171
23180
23213
23225
23240
23245
23260
23260
23275
23286
23297
23326
23388
23392
23398
23414
23423
23437
23512
23639
23673
23692
23719
23758
23769
23789
23793
23794
23799
23802
23816
23825
23905
23962
23964
24065
24115
24139
24142
24180
24192
24226
24250
24275
24292
24310
24414
24446
24539
24539
24581
24590
24599
24648
24661
24678
24760
24810
24810
24849
24858
24869
24944
24981
25002
25018
25063
25073
25076
25129
25132
25147
25235
25237
25240
25241
25302
25312
25345
25366
25392
25394
25415
25475
25481
25512
25659
25734
25749
25801
25849
25869
25899
25951
26004
26032
26066
26090
26104
26105
26125
26187
26202
26214
26215
26219
26234
26234
26271
26352
26481
26548
26593
26614
26717
26725
26756
26758
26767
26830
26841
26867
26896
26912
26930
27007
27038
27074
27086
27207
27211
27238
27288
27292
27293
27320
27351
27420
27493
27514
27517
27575
27607
27642
27660
27693
27729
27733
27878
27884
27916
27920
28073
28233
28263
28310
28332
28375
28389
28402
28485
28519
28547
28580
28597
28620
28634
28679
28694
28772
28825
28837
28849
28880
28903
28927
28931
28976
29024
29160
29204
29240
29283
29305
29319
29338
29338
29518
29545
29610
29678
29683
29729
29730
29735
29736
29737
29783
29789
29839
29871
29999
30010
30017
30020
30093
30109
30209
30228
30238
30283
30410
30457
30495
30496
30561
30569
30574
30582
30612
30625
30666
30750
30789
30845
30887
30897
30983
31024
31112
31241
31291
31341
31343
31391
31467
31476
31499
31530
31689
31710
31729
31746
31747
31752
31786
31794
31878
31955
31988
32007
32058
32108
32119
32144
32236
32285
32387
32394
32437
32484
32487
32520
32547
32662
32732
