10000
5
5
6
9
10
12
19
20
22
24
24
25
26
34
35
36
36
39
40
41
42
44
46
49
58
59
72
73
74
75
77
79
87
87
88
93
93
94
97
99
102
106
113
115
123
143
146
148
153
158
161
167
174
174
183
185
188
191
195
197
198
199
201
203
211
213
215
218
227
229
231
245
248
251
251
255
263
264
271
275
277
277
282
283
287
293
293
293
293
303
308
310
311
311
313
316
321
323
326
328
328
334
337
340
341
342
343
343
345
349
350
353
360
361
361
368
372
378
378
380
381
382
382
389
389
390
392
392
393
394
395
400
401
403
405
406
407
414
418
424
436
447
458
459
461
466
481
483
486
488
494
500
503
506
507
509
511
514
524
528
531
536
537
538
550
557
568
571
575
580
581
583
587
596
605
611
613
616
622
623
629
637
637
649
651
653
655
657
659
660
662
664
670
677
678
682
685
686
692
692
693
694
696
705
705
707
720
723
724
728
737
740
744
749
754
755
757
759
763
767
769
773
778
782
782
783
785
787
789
797
806
807
811
819
823
828
835
841
842
847
848
852
854
859
863
865
866
866
867
871
873
875
875
879
879
889
895
896
898
907
911
915
921
921
921
927
929
929
931
933
934
936
940
943
947
955
957
963
963
967
967
967
970
972
973
981
981
985
986
987
995
997
1005
1013
1022
1023
1025
1028
1028
1030
1030
1032
1033
1035
1037
1037
1039
1040
1041
1043
1045
1048
1054
1054
1056
1061
1066
1066
1072
1072
1073
1074
1076
1077
1079
1080
1082
1086
1091
1094
1101
1104
1106
1107
1115
1118
1123
1124
1125
1126
1129
1132
1133
1134
1140
1142
1143
1144
1154
1155
1160
1164
1167
1168
1172
1174
1174
1175
1178
1179
1184
1191
1194
1206
1208
1223
1223
1229
1230
1231
1231
1234
1244
1247
1248
1258
1261
1265
1266
1269
1270
1271
1271
1273
1274
1278
1278
1281
1282
1292
1296
1297
1298
1300
1304
1305
1307
1308
1310
1317
1323
1328
1332
1335
1350
1351
1356
1364
1368
1368
1370
1372
1380
1386
1394
1396
1404
1405
1408
1409
1409
1410
1416
1416
1417
1418
1420
1421
1423
1426
1428
1428
1433
1434
1434
1445
1449
1449
1453
1457
1458
1464
1470
1472
1473
1475
1479
1485
1493
1497
1497
1500
1504
1517
1523
1525
1526
1527
1528
1528
1531
1534
1545
1545
1549
1550
1550
1551
1552
1556
1558
1558
1559
1567
1574
1581
1583
1585
1588
1589
1593
1595
1596
1599
1600
1605
1610
1613
1614
1629
1634
1635
1638
1650
1652
1655
1655
1659
1664
1691
1694
1699
1700
1701
1704
1704
1713
1713
1722
1724
1724
1725
1725
1727
1731
1731
1731
1736
1744
1746
1747
1755
1756
1761
1762
1762
1764
1766
1770
1770
1774
1778
1790
1796
1798
1799
1805
1806
1813
1821
1838
1839
1840
1846
1850
1851
1852
1857
1859
1860
1861
1869
1870
1870
1872
1878
1879
1881
1881
1881
1883
1888
1888
1889
1891
1899
1900
1905
1906
1910
1913
1917
1924
1928
1932
1933
1935
1935
1937
1939
1939
1941
1944
1944
1947
1948
1948
1953
1958
1959
1960
1960
1962
1963
1964
1965
1970
1973
1973
1977
1978
1979
1980
1987
1988
1992
1992
1995
2014
2021
2026
2027
2038
2041
2046
2050
2055
2060
2061
2061
2064
2064
2077
2083
2084
2090
2095
2097
2098
2114
2116
2130
2134
2141
2143
2143
2146
2146
2148
2152
2174
2175
2180
2195
2199
2205
2205
2221
2229
2229
2230
2240
2241
2241
2243
2243
2243
2246
2247
2253
2258
2265
2273
2273
2273
2277
2278
2287
2289
2293
2293
2297
2299
2299
2301
2308
2314
2315
2319
2322
2322
2325
2326
2336
2336
2336
2339
2352
2357
2359
2362
2362
2363
2363
2365
2366
2367
2367
2368
2383
2386
2387
2397
2402
2404
2407
2413
2416
2417
2418
2418
2424
2433
2450
2454
2457
2461
2462
2463
2464
2465
2471
2471
2473
2473
2473
2475
2475
2476
2489
2494
2494
2504
2505
2509
2515
2515
2519
2520
2521
2521
2522
2523
2526
2529
2534
2538
2541
2543
2553
2561
2576
2576
2581
2581
2583
2585
2589
2596
2596
2596
2600
2605
2605
2605
2608
2615
2618
2618
2619
2621
2623
2626
2627
2629
2629
2630
2632
2635
2642
2642
2644
2652
2653
2653
2655
2657
2659
2659
2660
2662
2665
2666
2668
2670
2671
2673
2674
2676
2680
2682
2682
2682
2687
2693
2695
2696
2699
2702
2702
2707
2707
2708
2709
2714
2722
2726
2727
2729
2729
2734
2736
2737
2740
2741
2742
2742
2743
2744
2752
2755
2759
2763
2764
2764
2765
2771
2771
2776
2779
2781
2785
2788
2792
2793
2793
2795
2799
2799
2805
2810
2810
2811
2811
2816
2817
2821
2822
2837
2846
2846
2847
2847
2847
2848
2848
2849
2865
2868
2871
2872
2872
2881
2881
2884
2886
2887
2887
2890
2893
2896
2912
2939
2939
2945
2947
2952
2952
2960
2963
2964
2974
2974
2982
2985
2989
2995
2997
2997
2999
3002
3002
3007
3007
3015
3016
3016
3018
3030
3032
3035
3035
3040
3055
3057
3057
3057
3060
3061
3067
3068
3072
3074
3080
3081
3082
3084
3086
3090
3091
3093
3094
3096
3097
3099
3106
3116
3121
3126
3129
3134
3137
3141
3146
3147
3148
3148
3151
3152
3158
3161
3163
3165
3165
3165
3165
3175
3176
3177
3188
3188
3190
3193
3200
3205
3206
3210
3216
3217
3220
3223
3226
3229
3232
3235
3235
3237
3239
3246
3246
3248
3248
3249
3250
3251
3257
3257
3257
3263
3266
3271
3273
3277
3278
3279
3283
3284
3285
3287
3293
3301
3302
3305
3312
3313
3313
3316
3318
3334
3336
3344
3350
3357
3361
3362
3366
3367
3370
3375
3379
3386
3387
3390
3403
3404
3404
3411
3415
3416
3420
3421
3432
3434
3437
3438
3440
3441
3448
3450
3455
3457
3458
3460
3460
3461
3465
3471
3473
3474
3479
3488
3489
3494
3498
3498
3508
3511
3512
3514
3514
3514
3515
3517
3518
3521
3522
3522
3524
3526
3526
3528
3531
3531
3544
3544
3551
3557
3559
3560
3562
3568
3571
3572
3574
3576
3580
3581
3582
3587
3587
3589
3590
3590
3591
3593
3602
3603
3605
3608
3610
3615
3623
3626
3629
3629
3635
3646
3667
3668
3668
3681
3681
3682
3688
3688
3689
3691
3692
3692
3694
3701
3702
3706
3709
3710
3711
3711
3720
3721
3723
3725
3726
3726
3733
3734
3736
3740
3741
3741
3751
3754
3755
3757
3760
3767
3770
3771
3780
3781
3785
3786
3788
3790
3792
3793
3798
3800
3801
3804
3804
3804
3804
3805
3808
3814
3815
3815
3817
3817
3820
3820
3820
3822
3831
3831
3832
3834
3834
3835
3835
3847
3847
3857
3858
3862
3874
3876
3884
3890
3891
3893
3896
3896
3899
3902
3905
3911
3912
3925
3932
3933
3937
3937
3942
3946
3948
3955
3957
3959
3963
3963
3964
3964
3965
3966
3971
3972
3974
3978
3981
3986
3986
3992
3997
3999
4002
4004
4008
4010
4012
4020
4025
4025
4025
4026
4026
4027
4029
4036
4037
4043
4043
4044
4046
4046
4050
4057
4063
4065
4068
4073
4073
4077
4082
4089
4094
4095
4096
4103
4105
4105
4106
4107
4108
4112
4119
4119
4121
4123
4129
4131
4136
4156
4158
4162
4164
4166
4169
4172
4176
4179
4180
4181
4182
4183
4192
4197
4207
4208
4223
4224
4225
4226
4229
4232
4233
4239
4239
4241
4242
4246
4255
4258
4263
4267
4268
4270
4278
4283
4287
4290
4290
4296
4297
4297
4298
4301
4301
4301
4302
4304
4304
4304
4311
4313
4313
4323
4327
4328
4331
4336
4339
4347
4348
4351
4356
4358
4361
4366
4368
4371
4372
4378
4378
4379
4381
4381
4387
4390
4393
4398
4404
4405
4405
4410
4413
4415
4421
4424
4424
4426
4428
4439
4449
4454
4458
4460
4463
4469
4469
4476
4481
4483
4485
4487
4490
4492
4494
4502
4504
4505
4506
4517
4523
4524
4527
4527
4529
4529
4530
4536
4540
4542
4549
4555
4556
4559
4561
4561
4564
4565
4569
4570
4570
4577
4578
4579
4580
4584
4587
4589
4590
4591
4593
4593
4598
4600
4601
4605
4606
4608
4608
4609
4609
4610
4614
4620
4624
4629
4630
4630
4638
4642
4647
4653
4656
4656
4657
4664
4666
4667
4668
4670
4670
4672
4672
4683
4688
4700
4706
4706
4712
4720
4736
4737
4743
4743
4746
4747
4749
4749
4751
4752
4753
4755
4756
4759
4759
4761
4762
4765
4768
4768
4778
4781
4790
4792
4792
4798
4801
4801
4813
4814
4815
4823
4824
4828
4829
4835
4838
4838
4840
4841
4844
4846
4849
4850
4852
4859
4863
4863
4865
4873
4876
4880
4886
4900
4910
4912
4917
4922
4926
4936
4943
4944
4945
4950
4950
4952
4953
4953
4954
4957
4965
4966
4968
4969
4974
4976
4979
4982
4988
4989
4991
5001
5002
5003
5005
5011
5012
5013
5014
5014
5015
5018
5019
5021
5022
5030
5031
5044
5046
5047
5048
5049
5053
5053
5056
5066
5066
5076
5077
5077
5080
5082
5086
5095
5096
5099
5100
5101
5106
5120
5121
5122
5129
5130
5145
5145
5152
5154
5158
5158
5169
5174
5181
5186
5191
5192
5194
5197
5207
5212
5213
5218
5220
5226
5231
5231
5240
5240
5242
5243
5247
5250
5254
5254
5256
5268
5268
5272
5274
5282
5285
5285
5285
5286
5288
5290
5291
5291
5300
5306
5316
5323
5323
5324
5327
5328
5330
5330
5337
5337
5339
5346
5347
5354
5358
5360
5362
5366
5366
5373
5374
5374
5377
5379
5381
5421
5427
5431
5436
5436
5447
5447
5448
5449
5451
5452
5453
5461
5463
5469
5475
5478
5480
5482
5482
5484
5486
5491
5495
5495
5501
5504
5507
5509
5509
5513
5534
5535
5538
5545
5551
5579
5580
5582
5584
5585
5587
5590
5590
5595
5595
5596
5597
5601
5612
5614
5614
5615
5620
5621
5622
5625
5626
5626
5628
5629
5633
5641
5642
5646
5652
5653
5657
5662
5668
5670
5671
5683
5686
5688
5692
5699
5701
5701
5712
5715
5715
5718
5718
5721
5723
5727
5733
5738
5746
5747
5749
5750
5752
5763
5764
5766
5767
5770
5772
5773
5775
5775
5775
5778
5780
5784
5787
5787
5789
5790
5795
5796
5797
5798
5800
5805
5806
5808
5812
5815
5823
5826
5830
5834
5835
5838
5840
5843
5853
5854
5854
5855
5863
5864
5864
5869
5872
5876
5877
5887
5895
5896
5898
5900
5907
5907
5908
5909
5909
5913
5919
5919
5920
5923
5925
5925
5941
5942
5944
5953
5953
5954
5962
5962
5986
5986
5990
5992
6005
6005
6007
6008
6015
6018
6025
6027
6034
6041
6042
6058
6058
6060
6069
6074
6076
6082
6085
6095
6095
6096
6098
6098
6099
6101
6103
6104
6113
6113
6115
6118
6125
6126
6128
6130
6136
6140
6140
6145
6146
6149
6152
6154
6154
6162
6169
6171
6185
6188
6193
6193
6196
6197
6198
6208
6209
6209
6210
6210
6230
6231
6232
6233
6233
6236
6238
6239
6241
6242
6243
6243
6253
6258
6260
6260
6261
6265
6272
6273
6276
6280
6281
6288
6297
6298
6300
6306
6313
6322
6324
6328
6330
6337
6338
6342
6345
6348
6352
6358
6358
6360
6361
6361
6364
6364
6366
6367
6368
6372
6375
6375
6378
6380
6384
6387
6391
6393
6394
6394
6398
6410
6412
6416
6418
6422
6422
6427
6428
6432
6439
6441
6444
6445
6445
6447
6451
6457
6459
6460
6460
6461
6464
6470
6473
6476
6482
6482
6486
6486
6488
6492
6493
6494
6499
6502
6503
6521
6526
6533
6537
6544
6546
6548
6550
6555
6556
6557
6560
6560
6560
6561
6563
6563
6568
6568
6570
6571
6574
6578
6579
6582
6586
6590
6598
6599
6603
6604
6604
6604
6604
6609
6611
6613
6613
6619
6620
6622
6625
6626
6627
6642
6643
6651
6661
6661
6665
6668
6671
6674
6681
6689
6690
6690
6692
6694
6695
6695
6697
6701
6702
6709
6710
6713
6715
6716
6720
6720
6721
6722
6723
6732
6738
6740
6742
6742
6748
6752
6756
6761
6761
6765
6772
6773
6777
6779
6780
6780
6783
6783
6789
6790
6792
6792
6794
6795
6797
6800
6804
6812
6816
6817
6821
6821
6821
6821
6823
6829
6845
6848
6851
6852
6860
6861
6861
6872
6881
6887
6887
6888
6889
6891
6894
6897
6899
6903
6907
6909
6910
6912
6915
6916
6920
6925
6931
6937
6941
6943
6947
6950
6951
6951
6951
6957
6958
6960
6964
6966
6968
6970
6970
6978
6985
6993
6994
6995
7000
7003
7006
7009
7013
7014
7015
7017
7022
7025
7028
7030
7045
7046
7050
7055
7063
7067
7069
7069
7069
7072
7074
7078
7085
7085
7086
7088
7090
7091
7096
7100
7101
7106
7113
7113
7113
7117
7126
7126
7127
7131
7132
7132
7134
7140
7147
7155
7167
7171
7173
7176
7183
7184
7185
7185
7189
7190
7191
7194
7200
7202
7203
7207
7209
7214
7215
7223
7225
7229
7231
7234
7238
7244
7249
7251
7257
7257
7259
7274
7275
7278
7280
7284
7287
7290
7290
7291
7291
7302
7306
7308
7308
7309
7313
7313
7314
7317
7319
7320
7326
7330
7331
7332
7332
7335
7337
7362
7369
7376
7376
7377
7381
7383
7383
7386
7392
7396
7398
7398
7398
7400
7402
7402
7408
7408
7410
7410
7415
7421
7423
7437
7438
7439
7440
7443
7445
7446
7458
7462
7468
7479
7491
7501
7505
7505
7506
7509
7516
7524
7528
7536
7536
7537
7538
7540
7548
7549
7553
7556
7560
7561
7562
7571
7571
7580
7584
7587
7591
7592
7592
7596
7597
7597
7608
7615
7615
7621
7623
7624
7625
7626
7631
7633
7637
7643
7645
7645
7649
7650
7651
7653
7655
7655
7656
7663
7672
7673
7677
7678
7683
7685
7691
7691
7695
7696
7698
7704
7705
7711
7712
7714
7720
7720
7721
7726
7727
7728
7729
7734
7739
7751
7753
7756
7766
7768
7769
7770
7777
7781
7784
7784
7798
7800
7800
7801
7804
7804
7806
7808
7813
7818
7821
7827
7831
7831
7833
7834
7835
7836
7837
7839
7845
7852
7853
7855
7859
7865
7869
7871
7873
7878
7879
7882
7882
7884
7886
7886
7889
7896
7897
7897
7901
7901
7907
7913
7914
7914
7915
7915
7916
7919
7921
7932
7935
7935
7939
7946
7946
7947
7948
7953
7954
7955
7955
7959
7961
7968
7969
7971
7976
7980
7982
7986
7986
7987
7988
7995
7996
7998
7998
7999
8007
8007
8008
8012
8015
8023
8024
8031
8032
8041
8042
8044
8045
8047
8053
8057
8058
8066
8066
8069
8069
8070
8071
8075
8080
8080
8084
8091
8095
8095
8098
8099
8100
8102
8105
8106
8108
8112
8115
8115
8125
8127
8135
8136
8142
8144
8146
8153
8157
8158
8165
8172
8175
8176
8182
8182
8183
8195
8197
8200
8203
8203
8209
8211
8211
8212
8215
8216
8216
8216
8217
8222
8226
8235
8239
8243
8250
8255
8255
8258
8265
8267
8269
8272
8275
8278
8281
8295
8299
8299
8301
8306
8311
8320
8320
8320
8321
8332
8333
8333
8336
8339
8340
8341
8343
8346
8355
8357
8361
8361
8365
8367
8368
8370
8391
8392
8393
8395
8397
8397
8413
8422
8427
8429
8429
8431
8433
8434
8438
8440
8443
8444
8453
8455
8458
8459
8461
8466
8466
8471
8477
8480
8482
8483
8485
8487
8487
8488
8495
8497
8497
8502
8505
8506
8507
8511
8514
8517
8521
8525
8525
8526
8527
8540
8546
8551
8556
8560
8562
8569
8571
8575
8578
8580
8584
8590
8592
8593
8596
8598
8600
8601
8604
8604
8608
8610
8611
8615
8616
8617
8627
8627
8627
8628
8630
8631
8636
8642
8644
8646
8650
8655
8656
8659
8663
8665
8668
8676
8677
8678
8678
8681
8685
8687
8688
8689
8691
8694
8701
8703
8708
8711
8712
8715
8715
8730
8731
8733
8736
8740
8743
8747
8749
8750
8751
8752
8757
8758
8758
8759
8763
8763
8766
8766
8769
8770
8778
8778
8780
8780
8782
8787
8787
8796
8796
8804
8804
8805
8809
8810
8817
8822
8826
8828
8831
8832
8839
8841
8844
8844
8845
8845
8848
8848
8849
8850
8850
8855
8858
8859
8876
8886
8899
8906
8909
8915
8925
8926
8930
8930
8932
8943
8949
8950
8954
8954
8957
8958
8961
8963
8972
8973
8975
8978
8978
8979
8981
8988
8990
8991
9000
9006
9008
9013
9013
9016
9016
9019
9021
9024
9025
9028
9035
9036
9038
9039
9039
9041
9047
9048
9054
9057
9060
9061
9068
9070
9071
9075
9086
9088
9094
9095
9097
9104
9105
9108
9113
9113
9113
9115
9118
9119
9123
9128
9134
9140
9146
9158
9159
9162
9162
9163
9164
9169
9172
9172
9176
9177
9180
9181
9182
9183
9187
9187
9195
9197
9200
9200
9212
9213
9215
9217
9231
9233
9236
9240
9247
9258
9263
9266
9270
9279
9281
9282
9284
9285
9286
9292
9296
9296
9297
9303
9306
9307
9308
9311
9311
9315
9315
9316
9317
9332
9333
9333
9341
9342
9342
9343
9345
9353
9357
9360
9361
9361
9364
9366
9366
9366
9369
9371
9376
9381
9381
9382
9384
9391
9395
9404
9404
9416
9422
9423
9425
9426
9426
9428
9433
9433
9435
9444
9447
9448
9448
9456
9457
9463
9466
9467
9467
9476
9480
9481
9483
9484
9485
9491
9496
9498
9501
9502
9508
9513
9518
9518
9520
9522
9522
9527
9529
9532
9536
9539
9540
9543
9552
9552
9555
9556
9561
9564
9580
9581
9584
9588
9592
9596
9602
9607
9612
9614
9619
9632
9637
9640
9643
9656
9656
9658
9660
9660
9662
9662
9666
9667
9667
9678
9681
9683
9686
9686
9689
9690
9696
9701
9702
9703
9704
9704
9710
9719
9719
9720
9720
9721
9723
9723
9724
9727
9735
9741
9743
9752
9754
9754
9760
9766
9769
9773
9778
9779
9781
9782
9785
9786
9791
9792
9793
9794
9797
9799
9801
9811
9815
9816
9816
9817
9823
9827
9832
9835
9835
9842
9843
9848
9853
9853
9859
9867
9868
9875
9878
9879
9882
9884
9884
9885
9889
9891
9900
9901
9901
9909
9909
9910
9912
9913
9916
9918
9920
9923
9926
9928
9932
9933
9933
9934
9941
9944
9952
9954
9955
9961
9965
9965
9970
9973
9973
9976
9978
9985
9986
10000
10001
10003
10006
10011
10011
10015
10027
10030
10032
10033
10034
10038
10038
10040
10040
10052
10056
10058
10060
10061
10066
10074
10081
10084
10087
10093
10101
10104
10105
10105
10105
10106
10110
10111
10111
10112
10132
10134
10134
10136
10138
10140
10144
10144
10147
10148
10156
10164
10166
10168
10178
10184
10186
10194
10196
10197
10197
10198
10200
10200
10200
10205
10215
10215
10216
10220
10223
10245
10248
10254
10254
10261
10264
10267
10269
10271
10276
10278
10278
10282
10282
10284
10285
10286
10287
10289
10292
10292
10301
10301
10307
10319
10321
10322
10325
10329
10331
10335
10336
10337
10338
10341
10345
10345
10359
10374
10383
10389
10392
10394
10402
10402
10404
10409
10415
10416
10417
10419
10423
10428
10439
10441
10449
10450
10455
10456
10463
10463
10465
10468
10468
10482
10487
10494
10498
10509
10511
10518
10519
10528
10529
10531
10533
10533
10538
10541
10543
10545
10548
10550
10550
10551
10552
10557
10557
10559
10562
10565
10567
10568
10571
10574
10578
10580
10593
10594
10595
10598
10602
10609
10618
10625
10627
10635
10636
10641
10642
10647
10649
10654
10654
10657
10664
10670
10677
10679
10680
10681
10682
10690
10696
10697
10701
10704
10706
10721
10723
10726
10729
10738
10738
10739
10743
10745
10745
10753
10760
10760
10766
10771
10775
10778
10778
10782
10783
10789
10790
10790
10792
10793
10794
10796
10800
10800
10805
10806
10812
10828
10830
10831
10836
10839
10842
10842
10845
10853
10856
10860
10867
10873
10875
10877
10880
10888
10889
10905
10905
10914
10925
10928
10928
10931
10932
10935
10935
10940
10944
10946
10954
10956
10960
10964
10969
10971
10985
10986
10991
10991
10991
10996
10997
10997
11000
11003
11004
11004
11007
11014
11014
11015
11016
11019
11021
11021
11050
11060
11061
11062
11073
11075
11077
11085
11087
11088
11091
11093
11095
11095
11097
11100
11101
11111
11114
11114
11116
11120
11121
11125
11126
11127
11129
11133
11133
11136
11146
11151
11154
11156
11156
11156
11157
11160
11168
11171
11171
11173
11174
11174
11175
11177
11182
11192
11192
11193
11198
11200
11200
11201
11203
11207
11209
11213
11214
11219
11241
11250
11250
11251
11253
11256
11262
11262
11263
11263
11265
11270
11270
11272
11278
11278
11279
11280
11284
11290
11291
11300
11302
11304
11305
11320
11329
11331
11333
11335
11337
11338
11344
11345
11351
11351
11371
11373
11374
11375
11375
11375
11376
11385
11387
11393
11403
11404
11406
11408
11413
11415
11415
11417
11421
11422
11424
11426
11439
11443
11444
11448
11449
11453
11458
11458
11464
11465
11466
11467
11469
11476
11484
11490
11490
11493
11495
11499
11500
11509
11512
11512
11513
11515
11518
11521
11529
11538
11542
11549
11558
11559
11560
11564
11565
11568
11570
11571
11574
11581
11586
11586
11589
11590
11594
11604
11613
11619
11623
11623
11627
11628
11631
11639
11645
11647
11652
11658
11661
11662
11662
11667
11676
11689
11692
11693
11697
11698
11704
11708
11713
11714
11718
11719
11722
11723
11725
11727
11732
11733
11735
11738
11743
11743
11754
11756
11760
11763
11768
11776
11779
11786
11787
11789
11792
11794
11795
11802
11804
11806
11806
11810
11816
11823
11824
11824
11826
11826
11830
11832
11834
11835
11836
11838
11840
11843
11844
11852
11858
11859
11861
11872
11875
11876
11880
11883
11893
11894
11895
11898
11898
11900
11914
11916
11917
11917
11922
11929
11938
11939
11941
11941
11944
11949
11952
11953
11956
11959
11960
11962
11968
11972
11973
11977
11978
11983
11989
11997
11997
11999
12014
12017
12025
12031
12033
12035
12037
12037
12038
12039
12039
12041
12043
12045
12058
12066
12070
12071
12076
12087
12091
12094
12096
12101
12109
12113
12116
12118
12124
12125
12126
12129
12134
12138
12140
12142
12153
12158
12159
12163
12167
12170
12171
12173
12176
12181
12182
12182
12188
12190
12191
12193
12193
12195
12198
12198
12200
12202
12212
12212
12215
12219
12225
12229
12233
12238
12239
12239
12241
12242
12246
12261
12265
12268
12271
12272
12274
12274
12277
12279
12283
12287
12300
12301
12303
12308
12308
12313
12315
12322
12324
12325
12329
12332
12335
12342
12348
12352
12355
12357
12359
12362
12363
12367
12383
12384
12385
12387
12395
12403
12412
12416
12417
12417
12424
12424
12424
12424
12425
12427
12431
12434
12436
12442
12451
12460
12466
12467
12470
12471
12471
12471
12473
12475
12479
12481
12482
12484
12484
12485
12488
12502
12507
12507
12508
12510
12517
12520
12523
12526
12527
12532
12544
12549
12549
12551
12556
12557
12558
12566
12567
12569
12569
12577
12585
12586
12588
12588
12596
12598
12599
12601
12606
12616
12620
12628
12629
12630
12634
12634
12635
12640
12647
12647
12651
12652
12652
12655
12662
12664
12666
12672
12672
12675
12675
12676
12676
12676
12678
12679
12684
12688
12688
12692
12696
12697
12705
12706
12713
12718
12743
12747
12749
12753
12753
12754
12755
12757
12759
12766
12769
12770
12771
12771
12783
12785
12785
12789
12789
12794
12794
12802
12815
12817
12819
12830
12834
12838
12840
12844
12844
12848
12848
12849
12852
12854
12857
12862
12863
12864
12866
12868
12873
12873
12874
12881
12882
12884
12885
12886
12887
12889
12899
12904
12908
12916
12921
12922
12927
12928
12931
12931
12932
12933
12935
12940
12941
12942
12942
12944
12963
12970
12974
12979
12979
12982
12984
12986
12988
12999
13004
13004
13005
13007
13008
13016
13018
13019
13021
13024
13025
13028
13029
13039
13045
13049
13052
13056
13062
13063
13064
13065
13066
13068
13072
13073
13079
13081
13092
13095
13095
13096
13097
13103
13105
13106
13107
13109
13127
13128
13138
13141
13144
13144
13148
13151
13151
13155
13156
13163
13165
13173
13179
13179
13184
13186
13187
13190
13192
13194
13198
13204
13205
13209
13211
13212
13214
13214
13214
13214
13216
13217
13217
13217
13220
13221
13222
13223
13226
13227
13234
13236
13238
13242
13246
13267
13267
13269
13273
13277
13285
13287
13290
13298
13303
13304
13306
13308
13313
13315
13315
13342
13343
13346
13346
13349
13353
13362
13368
13373
13376
13377
13379
13385
13388
13389
13389
13401
13403
13405
13406
13412
13417
13427
13427
13432
13440
13441
13441
13447
13450
13450
13463
13467
13475
13477
13486
13491
13491
13492
13495
13495
13497
13507
13508
13517
13521
13523
13524
13527
13530
13532
13534
13536
13539
13540
13543
13546
13547
13552
13557
13560
13560
13561
13569
13575
13577
13580
13584
13588
13589
13591
13599
13600
13600
13600
13601
13605
13614
13617
13619
13625
13627
13628
13638
13645
13648
13649
13652
13653
13654
13658
13664
13664
13665
13666
13668
13671
13675
13679
13679
13682
13684
13688
13689
13691
13697
13706
13710
13714
13715
13720
13728
13728
13729
13731
13732
13733
13735
13744
13746
13753
13767
13771
13772
13773
13775
13776
13780
13787
13787
13794
13812
13820
13820
13824
13827
13827
13831
13831
13834
13836
13843
13850
13851
13852
13858
13860
13860
13866
13867
13873
13876
13879
13879
13881
13881
13885
13886
13887
13889
13892
13899
13904
13908
13914
13921
13935
13936
13943
13944
13957
13964
13965
13971
13971
13975
13975
13980
13986
13988
13988
13989
13998
14007
14010
14011
14019
14020
14022
14024
14028
14032
14036
14037
14042
14043
14044
14044
14045
14060
14064
14065
14067
14069
14071
14083
14084
14088
14090
14097
14100
14109
14113
14114
14122
14128
14134
14134
14140
14146
14148
14149
14150
14151
14157
14165
14167
14167
14168
14170
14174
14177
14181
14186
14191
14193
14193
14199
14204
14205
14205
14209
14212
14212
14213
14216
14217
14221
14234
14235
14241
14242
14243
14248
14248
14249
14255
14264
14265
14267
14268
14274
14275
14276
14278
14279
14284
14284
14286
14292
14300
14309
14314
14315
14316
14317
14318
14322
14326
14330
14332
14336
14338
14348
14353
14356
14363
14363
14366
14367
14367
14370
14376
14377
14386
14388
14392
14395
14397
14400
14405
14407
14408
14412
14418
14420
14429
14429
14432
14433
14435
14443
14444
14447
14455
14455
14461
14464
14471
14474
14475
14479
14482
14483
14491
14497
14497
14498
14499
14499
14500
14503
14508
14509
14510
14510
14513
14515
14516
14518
14518
14518
14521
14524
14527
14530
14533
14535
14535
14536
14539
14541
14542
14543
14544
14552
14553
14557
14558
14559
14563
14564
14571
14577
14586
14589
14589
14590
14590
14591
14594
14599
14600
14604
14605
14608
14609
14612
14613
14620
14624
14627
14628
14634
14634
14635
14637
14641
14646
14648
14658
14658
14661
14667
14676
14677
14679
14680
14691
14692
14694
14695
14696
14698
14713
14718
14727
14728
14729
14735
14740
14745
14746
14755
14755
14760
14762
14764
14766
14766
14770
14771
14772
14774
14778
14780
14785
14786
14791
14794
14803
14803
14807
14811
14812
14813
14813
14813
14814
14816
14818
14825
14826
14827
14827
14832
14832
14834
14842
14845
14845
14866
14869
14871
14872
14876
14881
14881
14883
14884
14888
14888
14891
14894
14895
14904
14908
14909
14913
14913
14914
14915
14917
14921
14927
14928
14936
14941
14941
14943
14945
14948
14950
14954
14960
14965
14973
14980
14980
14980
14981
14986
14992
15000
15002
15007
15008
15008
15014
15015
15019
15021
15025
15029
15031
15033
15040
15045
15048
15058
15059
15061
15061
15062
15074
15079
15080
15082
15091
15091
15093
15096
15104
15106
15107
15108
15113
15120
15122
15123
15124
15124
15125
15129
15140
15146
15148
15153
15157
15162
15168
15175
15176
15185
15188
15188
15191
15207
15208
15210
15213
15215
15217
15218
15220
15226
15228
15230
15235
15236
15236
15239
15252
15253
15260
15264
15265
15270
15272
15280
15281
15284
15291
15296
15298
15298
15299
15300
15301
15305
15307
15309
15313
15316
15319
15320
15323
15323
15324
15330
15331
15332
15337
15338
15338
15340
15341
15348
15350
15351
15358
15363
15366
15367
15367
15378
15378
15390
15396
15398
15399
15400
15400
15405
15409
15412
15413
15418
15418
15422
15424
15427
15428
15429
15432
15434
15440
15442
15444
15446
15447
15452
15458
15459
15460
15471
15475
15479
15482
15485
15492
15493
15499
15500
15503
15503
15503
15504
15504
15506
15518
15520
15520
15524
15524
15530
15530
15532
15537
15538
15542
15544
15546
15546
15551
15558
15564
15576
15577
15579
15584
15586
15588
15590
15590
15591
15594
15597
15598
15600
15601
15606
15614
15615
15616
15617
15625
15632
15633
15642
15643
15643
15647
15659
15669
15676
15676
15680
15685
15685
15686
15686
15687
15688
15689
15691
15696
15699
15699
15703
15704
15710
15711
15718
15718
15720
15724
15728
15739
15741
15743
15748
15749
15750
15751
15756
15758
15759
15763
15763
15764
15764
15769
15771
15774
15779
15789
15793
15797
15798
15808
15817
15824
15826
15831
15831
15835
15839
15839
15842
15848
15853
15854
15856
15861
15861
15863
15869
15874
15875
15877
15879
15881
15882
15886
15889
15889
15889
15890
15894
15896
15897
15912
15917
15917
15922
15923
15923
15933
15940
15940
15942
15943
15951
15954
15971
15977
15989
15990
15992
15992
15996
15996
15997
15998
16000
16003
16012
16012
16013
16015
16015
16015
16020
16020
16021
16022
16022
16023
16023
16031
16032
16044
16045
16046
16051
16052
16053
16060
16065
16072
16074
16074
16078
16086
16089
16089
16090
16095
16095
16095
16102
16105
16108
16111
16112
16112
16112
16116
16117
16127
16131
16134
16135
16135
16136
16138
16139
16142
16143
16145
16152
16153
16153
16157
16175
16186
16194
16200
16213
16214
16216
16223
16224
16225
16227
16230
16235
16238
16249
16250
16258
16259
16260
16261
16261
16265
16268
16274
16274
16274
16282
16282
16286
16286
16288
16292
16297
16299
16314
16326
16328
16330
16331
16332
16335
16337
16355
16356
16359
16361
16367
16370
16371
16386
16386
16390
16392
16394
16395
16399
16402
16406
16411
16421
16427
16429
16431
16440
16440
16445
16448
16454
16454
16454
16454
16456
16472
16474
16475
16480
16492
16498
16499
16499
16501
16504
16505
16508
16510
16516
16517
16527
16535
16543
16549
16556
16557
16557
16564
16569
16570
16571
16575
16585
16591
16605
16606
16608
16628
16629
16631
16631
16633
16634
16640
16646
16654
16654
16656
16658
16659
16660
16660
16662
16662
16665
16665
16665
16667
16677
16678
16685
16695
16698
16698
16700
16707
16709
16712
16715
16720
16721
16727
16732
16733
16735
16737
16741
16747
16749
16751
16751
16754
16758
16759
16760
16762
16764
16764
16765
16773
16774
16775
16780
16791
16793
16798
16807
16815
16817
16818
16822
16831
16836
16839
16841
16842
16846
16860
16861
16867
16868
16869
16869
16874
16875
16880
16880
16881
16881
16883
16883
16884
16886
16888
16899
16907
16908
16910
16910
16911
16911
16916
16916
16918
16919
16924
16925
16928
16935
16937
16937
16938
16941
16947
16949
16950
16951
16961
16964
16970
16970
16970
16975
16977
16978
16979
16980
16986
16991
16994
16995
16997
17000
17006
17007
17019
17019
17021
17022
17036
17038
17039
17040
17042
17042
17049
17051
17052
17052
17057
17058
17058
17060
17062
17073
17074
17079
17080
17081
17085
17092
17096
17097
17106
17110
17110
17114
17118
17119
17120
17121
17122
17124
17124
17126
17126
17128
17130
17133
17134
17152
17153
17156
17158
17164
17168
17169
17170
17172
17173
17177
17182
17183
17188
17188
17189
17189
17190
17192
17196
17201
17209
17211
17216
17217
17219
17222
17235
17235
17241
17241
17246
17248
17251
17252
17255
17265
17267
17272
17275
17279
17280
17286
17289
17292
17294
17297
17298
17298
17299
17301
17306
17308
17317
17317
17321
17328
17329
17336
17338
17341
17342
17342
17343
17344
17346
17346
17347
17347
17348
17352
17354
17355
17357
17358
17361
17362
17365
17372
17382
17383
17385
17385
17389
17394
17402
17406
17407
17411
17413
17416
17418
17419
17430
17433
17436
17437
17442
17443
17444
17445
17450
17450
17453
17456
17457
17461
17461
17464
17467
17468
17470
17471
17473
17479
17484
17486
17487
17488
17497
17498
17500
17505
17506
17507
17509
17517
17519
17522
17523
17523
17523
17528
17528
17530
17537
17537
17541
17541
17542
17546
17547
17554
17560
17562
17566
17570
17573
17579
17582
17583
17591
17598
17599
17604
17609
17612
17619
17619
17623
17630
17632
17640
17641
17643
17645
17647
17648
17658
17658
17659
17664
17664
17667
17667
17668
17670
17673
17674
17675
17675
17675
17676
17680
17680
17683
17686
17686
17687
17690
17693
17695
17697
17700
17703
17707
17715
17718
17720
17722
17724
17732
17734
17736
17736
17737
17739
17740
17740
17742
17743
17744
17753
17758
17764
17766
17767
17770
17778
17778
17778
17779
17780
17782
17784
17792
17792
17798
17799
17800
17802
17803
17804
17805
17809
17810
17814
17821
17822
17823
17823
17826
17827
17828
17829
17835
17835
17836
17837
17848
17851
17853
17853
17854
17859
17862
17862
17867
17868
17869
17870
17874
17875
17875
17876
17877
17877
17879
17880
17881
17895
17896
17898
17901
17902
17903
17903
17903
17904
17906
17907
17910
17912
17914
17916
17917
17930
17932
17943
17945
17946
17946
17955
17960
17963
17968
17976
17977
17979
17981
17983
17984
17984
17988
17988
17988
17990
17993
17994
17998
17999
18001
18002
18015
18016
18022
18024
18027
18028
18034
18040
18041
18052
18058
18066
18069
18070
18077
18082
18082
18084
18090
18093
18094
18099
18105
18107
18108
18112
18113
18114
18117
18119
18119
18123
18126
18135
18135
18136
18147
18155
18160
18161
18162
18163
18164
18167
18172
18175
18182
18184
18190
18194
18203
18206
18208
18209
18210
18215
18219
18222
18224
18226
18233
18241
18243
18247
18248
18254
18256
18261
18262
18270
18275
18279
18281
18286
18291
18291
18297
18298
18308
18311
18313
18315
18315
18321
18321
18322
18322
18323
18329
18329
18329
18331
18332
18334
18334
18340
18341
18341
18348
18352
18354
18354
18356
18356
18357
18361
18362
18364
18397
18399
18403
18404
18405
18407
18412
18423
18425
18430
18430
18436
18439
18440
18445
18457
18465
18471
18474
18477
18491
18492
18500
18502
18503
18508
18510
18514
18514
18524
18525
18531
18533
18535
18537
18541
18543
18546
18547
18549
18550
18554
18558
18559
18560
18560
18565
18584
18584
18590
18599
18601
18604
18606
18613
18614
18623
18628
18628
18632
18632
18635
18637
18640
18643
18647
18648
18649
18653
18655
18659
18660
18662
18662
18666
18671
18671
18673
18683
18683
18685
18688
18688
18694
18698
18698
18699
18700
18706
18707
18714
18716
18722
18732
18735
18742
18742
18748
18751
18751
18752
18754
18758
18759
18760
18760
18763
18765
18767
18769
18770
18770
18770
18770
18771
18773
18776
18779
18787
18791
18806
18806
18809
18809
18811
18820
18826
18826
18828
18830
18831
18847
18870
18873
18878
18885
18890
18890
18891
18898
18905
18914
18915
18920
18920
18925
18934
18951
18952
18959
18979
18980
18980
18985
18987
18988
18994
18997
18997
18998
18999
18999
19000
19001
19003
19004
19011
19014
19017
19025
19026
19030
19042
19045
19047
19050
19051
19053
19054
19054
19056
19058
19058
19062
19067
19068
19072
19079
19085
19086
19090
19095
19095
19095
19099
19100
19103
19106
19107
19114
19114
19122
19124
19128
19129
19131
19132
19134
19147
19150
19150
19156
19166
19168
19177
19178
19181
19183
19187
19192
19192
19195
19196
19199
19202
19204
19209
19213
19215
19216
19216
19226
19227
19230
19231
19234
19235
19238
19243
19244
19256
19261
19265
19266
19268
19269
19272
19273
19273
19278
19285
19287
19288
19290
19297
19303
19307
19316
19330
19336
19339
19344
19346
19348
19349
19349
19352
19355
19366
19372
19380
19380
19388
19390
19391
19394
19395
19402
19410
19410
19411
19412
19412
19413
19415
19416
19419
19434
19449
19449
19460
19463
19467
19469
19471
19479
19486
19486
19505
19506
19509
19512
19512
19513
19513
19518
19524
19525
19525
19526
19531
19532
19533
19535
19536
19538
19540
19546
19556
19557
19558
19559
19562
19563
19566
19566
19567
19569
19576
19576
19578
19581
19589
19590
19596
19597
19598
19599
19602
19605
19610
19618
19623
19625
19626
19628
19628
19630
19632
19634
19641
19647
19651
19654
19660
19660
19666
19668
19669
19669
19670
19684
19685
19685
19690
19692
19693
19695
19701
19706
19709
19720
19725
19728
19734
19738
19738
19739
19741
19742
19746
19746
19749
19751
19756
19759
19761
19765
19771
19779
19782
19791
19793
19795
19795
19795
19797
19797
19798
19802
19805
19808
19816
19818
19818
19819
19825
19827
19835
19838
19840
19844
19847
19850
19851
19853
19858
19858
19859
19867
19871
19871
19872
19872
19874
19881
19885
19887
19889
19894
19901
19905
19907
19922
19924
19927
19933
19935
19938
19941
19943
19944
19949
19952
19955
19958
19960
19961
19975
19976
19979
19980
19980
19981
19985
19986
19988
19989
19990
19991
19996
19996
20001
20003
20009
20010
20011
20017
20020
20025
20028
20031
20032
20037
20040
20041
20042
20042
20047
20051
20052
20054
20056
20058
20063
20069
20070
20070
20073
20074
20085
20086
20087
20092
20104
20105
20105
20112
20112
20114
20119
20127
20130
20138
20139
20139
20144
20147
20149
20151
20152
20153
20156
20158
20163
20164
20164
20167
20171
20172
20173
20175
20177
20179
20184
20194
20198
20200
20202
20208
20209
20209
20210
20217
20223
20231
20231
20232
20237
20238
20242
20244
20245
20259
20261
20263
20266
20268
20268
20269
20278
20280
20281
20290
20293
20293
20295
20295
20296
20299
20302
20304
20306
20307
20310
20310
20311
20320
20347
20348
20354
20354
20357
20362
20364
20368
20373
20386
20400
20403
20414
20417
20419
20432
20434
20435
20443
20447
20449
20450
20450
20450
20454
20454
20454
20456
20458
20460
20463
20464
20465
20467
20467
20471
20473
20474
20474
20475
20478
20478
20478
20483
20484
20484
20485
20485
20485
20485
20491
20492
20497
20501
20502
20516
20524
20524
20525
20526
20529
20534
20536
20536
20539
20543
20545
20549
20551
20561
20564
20565
20578
20579
20583
20587
20587
20588
20595
20599
20609
20613
20615
20618
20618
20620
20622
20633
20633
20636
20640
20641
20642
20649
20653
20655
20655
20659
20668
20670
20672
20677
20677
20678
20688
20695
20698
20701
20704
20710
20713
20714
20719
20726
20727
20729
20730
20735
20739
20740
20740
20746
20747
20747
20754
20756
20761
20762
20766
20766
20768
20769
20771
20771
20773
20775
20779
20780
20783
20790
20792
20793
20796
20803
20807
20818
20827
20827
20828
20841
20842
20843
20844
20849
20853
20858
20859
20861
20861
20864
20879
20880
20880
20888
20891
20900
20903
20908
20913
20913
20913
20917
20927
20929
20929
20931
20933
20935
20938
20943
20946
20946
20947
20951
20958
20958
20963
20965
20967
20968
20969
20974
20976
20983
20984
20987
20989
20991
20991
20996
21001
21006
21012
21014
21018
21023
21035
21043
21043
21044
21046
21048
21050
21058
21059
21062
21065
21067
21076
21083
21084
21088
21091
21091
21092
21097
21103
21106
21106
21108
21110
21113
21137
21139
21147
21148
21151
21153
21153
21154
21155
21160
21162
21163
21163
21163
21166
21168
21171
21173
21176
21179
21183
21185
21189
21190
21191
21191
21195
21199
21199
21204
21204
21205
21207
21208
21212
21221
21222
21224
21226
21226
21227
21227
21231
21234
21238
21241
21256
21259
21260
21269
21286
21290
21297
21299
21300
21300
21302
21302
21309
21310
21310
21313
21315
21316
21326
21327
21332
21333
21336
21341
21341
21353
21353
21364
21364
21364
21370
21374
21377
21382
21382
21384
21386
21388
21396
21403
21409
21410
21411
21414
21415
21415
21417
21428
21429
21430
21439
21439
21440
21443
21447
21449
21453
21453
21457
21460
21463
21473
21480
21485
21495
21495
21495
21496
21498
21501
21502
21506
21509
21509
21512
21514
21514
21518
21522
21527
21529
21531
21535
21540
21545
21545
21548
21548
21549
21549
21551
21561
21564
21566
21569
21573
21579
21582
21582
21583
21583
21584
21585
21589
21591
21592
21596
21598
21601
21603
21608
21608
21611
21612
21614
21615
21615
21617
21618
21621
21624
21627
21628
21628
21629
21634
21634
21635
21635
21635
21638
21643
21646
21658
21658
21663
21665
21671
21671
21678
21679
21685
21686
21686
21689
21701
21702
21703
21704
21708
21715
21718
21720
21728
21729
21731
21731
21738
21740
21742
21744
21748
21752
21755
21757
21764
21765
21767
21772
21775
21776
21777
21785
21786
21788
21794
21795
21795
21808
21814
21814
21816
21821
21827
21828
21832
21834
21838
21838
21844
21852
21861
21864
21865
21869
21872
21874
21874
21876
21877
21879
21880
21886
21896
21904
21908
21909
21909
21922
21927
21929
21938
21943
21944
21944
21944
21945
21946
21951
21952
21953
21955
21955
21959
21965
21967
21968
21970
21973
21973
21974
21975
21986
21989
21997
22002
22008
22008
22012
22013
22016
22022
22030
22031
22035
22039
22040
22040
22046
22047
22052
22054
22060
22065
22069
22072
22075
22078
22080
22080
22082
22084
22084
22096
22099
22102
22106
22110
22110
22111
22114
22115
22117
22120
22123
22125
22132
22141
22142
22147
22149
22154
22168
22171
22174
22176
22177
22181
22182
22185
22188
22194
22200
22205
22207
22213
22214
22218
22218
22222
22234
22236
22246
22251
22253
22256
22258
22265
22265
22266
22267
22268
22271
22277
22278
22281
22289
22304
22305
22307
22312
22314
22321
22329
22330
22334
22337
22339
22339
22341
22344
22348
22350
22353
22357
22360
22365
22368
22369
22371
22373
22383
22385
22386
22387
22399
22404
22407
22407
22409
22410
22415
22420
22423
22428
22431
22431
22432
22437
22440
22447
22447
22447
22448
22449
22454
22457
22458
22461
22467
22470
22483
22483
22485
22503
22504
22510
22513
22516
22519
22521
22540
22545
22546
22547
22547
22548
22548
22555
22561
22561
22563
22565
22566
22568
22568
22569
22573
22573
22575
22577
22589
22596
22602
22607
22613
22615
22616
22631
22631
22631
22633
22640
22642
22645
22648
22648
22652
22653
22660
22661
22665
22668
22668
22670
22677
22682
22683
22685
22687
22700
22701
22705
22705
22706
22721
22724
22730
22733
22740
22746
22750
22751
22753
22753
22757
22762
22766
22766
22772
22776
22776
22782
22786
22786
22788
22792
22795
22805
22805
22814
22821
22822
22824
22827
22827
22830
22836
22840
22842
22852
22852
22854
22859
22863
22866
22875
22876
22877
22877
22878
22883
22887
22887
22889
22890
22892
22896
22899
22899
22900
22906
22910
22921
22923
22923
22926
22931
22942
22942
22944
22945
22946
22949
22950
22951
22951
22952
22959
22959
22965
22973
22973
22976
22982
22983
22992
22993
22996
23002
23010
23010
23021
23024
23029
23033
23034
23035
23041
23048
23050
23051
23057
23063
23065
23069
23069
23071
23076
23077
23081
23083
23084
23085
23089
23091
23092
23094
23100
23106
23108
23113
23116
23120
23133
23138
23138
23139
23143
23147
23148
23149
23150
23156
23159
23165
23169
23170
23170
23172
23174
23183
23184
23186
23188
23189
23194
23196
23198
23199
23200
23202
23202
23205
23212
23212
23217
23234
23241
23255
23260
23262
23267
23271
23279
23279
23282
23283
23285
23285
23285
23289
23291
23295
23299
23301
23304
23306
23310
23312
23313
23323
23326
23328
23331
23339
23341
23346
23347
23347
23350
23351
23353
23356
23362
23362
23362
23364
23364
23367
23381
23387
23387
23388
23389
23394
23396
23402
23407
23410
23410
23414
23432
23433
23437
23440
23440
23441
23442
23445
23455
23456
23460
23465
23469
23472
23473
23474
23475
23477
23478
23478
23479
23479
23497
23497
23499
23499
23505
23516
23517
23522
23522
23524
23528
23529
23531
23531
23532
23533
23535
23536
23537
23538
23542
23546
23550
23555
23555
23559
23561
23563
23565
23567
23569
23573
23573
23574
23579
23582
23583
23588
23594
23602
23605
23607
23617
23619
23622
23623
23630
23630
23635
23636
23636
23641
23645
23648
23651
23653
23654
23657
23663
23665
23666
23670
23675
23679
23682
23685
23689
23695
23701
23702
23706
23711
23713
23714
23716
23719
23722
23724
23725
23727
23736
23738
23739
23742
23742
23742
23745
23749
23754
23756
23757
23762
23768
23771
23776
23776
23787
23791
23797
23802
23808
23810
23814
23817
23818
23818
23833
23836
23838
23840
23842
23842
23842
23848
23848
23850
23850
23850
23851
23854
23858
23861
23861
23867
23870
23872
23879
23880
23884
23887
23887
23888
23888
23892
23893
23893
23897
23899
23899
23901
23902
23906
23924
23928
23931
23935
23938
23946
23947
23948
23951
23953
23955
23962
23963
23963
23963
23985
23987
23991
23995
24002
24002
24012
24012
24012
24012
24013
24016
24023
24026
24028
24041
24042
24046
24046
24051
24060
24064
24065
24074
24078
24081
24081
24083
24085
24088
24090
24094
24099
24102
24106
24107
24109
24113
24114
24122
24126
24127
24128
24129
24130
24149
24153
24155
24157
24157
24167
24168
24171
24172
24173
24179
24185
24186
24195
24200
24207
24210
24218
24219
24220
24223
24229
24230
24245
24246
24246
24247
24247
24248
24256
24260
24261
24268
24270
24274
24274
24276
24280
24280
24289
24293
24293
24297
24303
24303
24305
24305
24307
24324
24326
24326
24332
24332
24335
24335
24337
24340
24341
24342
24343
24343
24345
24354
24354
24355
24356
24360
24360
24362
24369
24374
24375
24380
24382
24384
24390
24393
24398
24398
24399
24404
24404
24411
24412
24413
24415
24420
24427
24432
24439
24442
24443
24446
24450
24451
24451
24451
24457
24457
24459
24460
24461
24461
24469
24474
24482
24486
24492
24504
24512
24514
24516
24519
24520
24521
24523
24534
24538
24539
24540
24542
24543
24546
24548
24550
24552
24554
24565
24567
24568
24573
24574
24574
24580
24582
24585
24587
24590
24598
24601
24603
24608
24608
24609
24609
24609
24609
24612
24613
24615
24615
24615
24626
24636
24637
24647
24648
24649
24652
24654
24662
24667
24670
24674
24675
24681
24681
24697
24698
24701
24701
24701
24702
24716
24717
24719
24730
24732
24732
24732
24734
24736
24739
24743
24745
24745
24745
24747
24754
24756
24757
24760
24761
24761
24765
24765
24765
24770
24771
24771
24772
24777
24782
24782
24784
24791
24795
24807
24810
24811
24815
24822
24823
24830
24833
24837
24838
24840
24844
24844
24845
24846
24846
24847
24851
24856
24856
24859
24868
24869
24869
24872
24877
24880
24880
24883
24890
24893
24895
24896
24901
24901
24906
24906
24907
24911
24913
24914
24914
24918
24918
24920
24921
24922
24922
24924
24925
24925
24926
24933
24941
24942
24956
24965
24969
24972
24975
24985
24988
24998
25000
25000
25001
25004
25004
25008
25012
25015
25027
25027
25037
25037
25038
25043
25049
25050
25051
25052
25053
25060
25061
25061
25073
25081
25085
25089
25091
25097
25100
25104
25106
25107
25108
25113
25118
25120
25126
25130
25131
25134
25148
25149
25151
25152
25155
25155
25156
25156
25158
25160
25162
25164
25165
25172
25174
25180
25186
25191
25193
25202
25202
25204
25206
25211
25211
25214
25216
25217
25219
25221
25223
25226
25227
25227
25228
25230
25234
25235
25241
25244
25244
25245
25249
25249
25251
25259
25266
25270
25277
25278
25279
25280
25285
25285
25291
25298
25299
25302
25306
25315
25322
25324
25325
25326
25329
25331
25331
25332
25332
25333
25333
25334
25335
25337
25337
25337
25344
25345
25348
25351
25351
25352
25353
25354
25354
25355
25363
25366
25371
25375
25384
25391
25392
25394
25408
25409
25410
25412
25419
25420
25421
25422
25424
25424
25424
25425
25427
25427
25433
25435
25439
25440
25444
25449
25451
25451
25452
25454
25458
25459
25460
25461
25463
25465
25467
25468
25468
25472
25475
25477
25479
25482
25486
25487
25487
25498
25498
25503
25504
25505
25506
25507
25508
25510
25511
25513
25514
25516
25524
25529
25534
25535
25536
25538
25539
25545
25553
25557
25562
25566
25577
25578
25591
25595
25601
25602
25603
25605
25606
25606
25608
25612
25632
25638
25642
25643
25650
25665
25666
25674
25676
25680
25680
25680
25682
25682
25687
25689
25696
25698
25703
25703
25709
25710
25712
25716
25717
25718
25720
25724
25726
25734
25734
25748
25748
25749
25751
25756
25758
25761
25762
25764
25766
25770
25778
25780
25782
25782
25783
25791
25793
25795
25795
25804
25809
25813
25817
25823
25824
25825
25825
25827
25832
25835
25839
25839
25844
25846
25853
25860
25860
25863
25864
25867
25872
25872
25874
25878
25881
25888
25890
25891
25894
25895
25895
25900
25904
25904
25906
25916
25922
25925
25927
25929
25932
25932
25936
25942
25943
25945
25945
25953
25954
25961
25964
25966
25966
25969
25969
25970
25971
25974
25975
25977
25979
25980
25980
25981
25984
25987
25990
25992
25993
26000
26000
26006
26008
26008
26019
26019
26019
26030
26038
26039
26045
26050
26055
26063
26065
26067
26067
26070
26079
26091
26098
26100
26101
26101
26105
26106
26109
26112
26116
26119
26120
26122
26128
26128
26133
26136
26136
26140
26143
26145
26147
26149
26149
26152
26157
26158
26165
26174
26181
26183
26183
26193
26194
26197
26201
26202
26204
26204
26206
26208
26211
26211
26218
26220
26224
26224
26226
26227
26228
26228
26229
26229
26230
26238
26239
26245
26245
26247
26249
26250
26253
26253
26254
26255
26259
26276
26283
26290
26292
26296
26297
26309
26309
26311
26317
26318
26323
26325
26326
26327
26328
26334
26339
26340
26342
26344
26344
26347
26357
26373
26377
26379
26380
26384
26387
26388
26401
26405
26408
26412
26413
26413
26415
26415
26415
26426
26429
26430
26433
26436
26439
26441
26443
26443
26444
26445
26445
26446
26451
26454
26456
26461
26463
26465
26469
26476
26479
26483
26486
26499
26502
26506
26518
26519
26519
26524
26530
26535
26538
26539
26542
26548
26548
26551
26553
26556
26557
26557
26561
26562
26563
26566
26570
26572
26578
26585
26592
26593
26594
26600
26601
26604
26605
26605
26611
26614
26614
26616
26618
26620
26630
26631
26632
26637
26639
26647
26671
26681
26686
26694
26699
26700
26702
26706
26707
26708
26712
26713
26719
26719
26719
26720
26722
26736
26737
26738
26738
26740
26740
26742
26750
26751
26753
26756
26760
26764
26764
26766
26768
26771
26772
26774
26780
26780
26781
26781
26783
26783
26786
26795
26797
26797
26803
26804
26805
26809
26812
26818
26818
26826
26827
26829
26831
26833
26839
26844
26844
26847
26854
26856
26859
26863
26865
26866
26877
26877
26882
26882
26884
26885
26886
26886
26888
26888
26889
26898
26903
26906
26907
26912
26916
26917
26926
26937
26943
26947
26948
26951
26958
26959
26960
26964
26968
26968
26970
26980
26981
26988
26993
26993
26993
27003
27004
27006
27008
27012
27013
27023
27025
27025
27026
27026
27033
27034
27034
27039
27040
27040
27043
27043
27045
27050
27051
27053
27054
27055
27059
27059
27061
27067
27068
27072
27072
27077
27077
27079
27082
27084
27084
27086
27087
27090
27093
27094
27098
27106
27111
27117
27118
27119
27120
27122
27125
27126
27127
27131
27132
27134
27135
27136
27137
27142
27146
27148
27152
27155
27155
27156
27156
27160
27162
27163
27164
27169
27175
27179
27187
27199
27204
27207
27208
27220
27221
27227
27229
27229
27231
27235
27244
27247
27249
27250
27259
27260
27263
27267
27271
27272
27282
27289
27290
27293
27296
27297
27299
27301
27304
27307
27316
27326
27327
27328
27330
27336
27340
27344
27345
27347
27351
27361
27362
27367
27374
27377
27378
27381
27385
27385
27386
27393
27394
27395
27396
27398
27401
27404
27414
27417
27423
27423
27426
27435
27439
27447
27449
27450
27450
27451
27454
27455
27459
27465
27471
27473
27473
27477
27478
27483
27483
27484
27485
27486
27495
27496
27498
27505
27507
27510
27516
27517
27526
27532
27534
27535
27539
27545
27548
27551
27553
27553
27556
27557
27560
27565
27569
27571
27573
27573
27574
27575
27578
27579
27579
27585
27587
27587
27591
27592
27594
27597
27601
27607
27608
27610
27612
27618
27618
27620
27629
27629
27630
27632
27632
27641
27648
27649
27650
27650
27652
27653
27654
27655
27663
27668
27668
27668
27669
27670
27672
27672
27674
27676
27677
27685
27685
27694
27694
27697
27698
27699
27704
27705
27705
27706
27713
27714
27715
27719
27724
27725
27726
27730
27739
27739
27741
27746
27748
27752
27752
27756
27757
27772
27779
27780
27783
27784
27786
27790
27793
27794
27799
27801
27805
27806
27809
27809
27814
27818
27818
27819
27820
27823
27823
27824
27828
27835
27835
27835
27840
27845
27851
27853
27855
27863
27869
27870
27871
27875
27875
27876
27876
27876
27879
27883
27885
27888
27890
27892
27900
27909
27913
27913
27913
27914
27917
27918
27921
27922
27924
27927
27930
27933
27934
27934
27936
27936
27939
27940
27946
27948
27948
27948
27955
27959
27960
27971
27972
27978
27979
27981
27995
28001
28002
28026
28028
28029
28032
28036
28039
28039
28041
28043
28050
28054
28060
28062
28062
28067
28071
28073
28078
28079
28081
28087
28094
28096
28096
28104
28104
28108
28112
28118
28121
28124
28125
28130
28132
28134
28135
28135
28138
28144
28149
28154
28158
28159
28163
28164
28167
28168
28169
28169
28169
28169
28172
28173
28174
28175
28177
28191
28191
28197
28198
28202
28203
28204
28206
28207
28208
28213
28215
28217
28225
28228
28234
28236
28236
28247
28248
28248
28264
28270
28272
28278
28279
28283
28283
28284
28285
28289
28291
28294
28297
28298
28306
28311
28315
28319
28321
28327
28327
28333
28341
28346
28360
28361
28362
28373
28374
28375
28376
28379
28380
28380
28383
28387
28389
28389
28393
28397
28397
28405
28406
28409
28416
28418
28418
28419
28419
28423
28430
28431
28434
28437
28438
28439
28440
28441
28451
28456
28459
28461
28468
28471
28475
28477
28482
28490
28491
28497
28497
28498
28498
28503
28522
28525
28526
28527
28529
28531
28533
28534
28536
28544
28545
28548
28550
28552
28552
28560
28564
28570
28573
28575
28581
28582
28587
28591
28591
28592
28593
28596
28597
28599
28599
28610
28613
28618
28626
28634
28635
28638
28641
28651
28652
28654
28655
28659
28659
28666
28673
28675
28676
28677
28691
28694
28696
28697
28700
28702
28704
28705
28711
28717
28717
28718
28718
28724
28741
28754
28756
28757
28759
28760
28766
28774
28776
28782
28783
28785
28786
28789
28790
28793
28800
28810
28813
28813
28815
28816
28818
28829
28834
28835
28836
28842
28845
28847
28848
28848
28854
28854
28854
28858
28863
28864
28866
28870
28870
28870
28871
28871
28873
28874
28887
28889
28894
28895
28895
28897
28898
28900
28902
28903
28915
28917
28929
28931
28935
28937
28942
28945
28945
28956
28956
28958
28961
28964
28966
28971
28977
28980
28988
28988
28990
28990
28994
28998
28998
29000
29001
29005
29006
29007
29012
29013
29014
29022
29032
29033
29034
29047
29050
29052
29056
29056
29056
29062
29063
29065
29065
29080
29086
29086
29089
29090
29092
29094
29096
29100
29104
29105
29107
29107
29110
29110
29112
29117
29124
29124
29129
29134
29135
29137
29140
29142
29144
29151
29155
29159
29166
29167
29168
29171
29176
29180
29181
29182
29182
29188
29195
29198
29198
29199
29202
29204
29210
29213
29213
29217
29220
29222
29224
29224
29232
29237
29247
29251
29253
29255
29255
29258
29258
29259
29260
29260
29263
29266
29271
29279
29283
29288
29290
29292
29293
29305
29306
29321
29322
29322
29324
29325
29330
29331
29331
29333
29338
29340
29348
29350
29350
29367
29370
29370
29374
29374
29381
29388
29397
29400
29401
29407
29411
29413
29415
29418
29419
29419
29422
29430
29437
29439
29439
29441
29442
29443
29445
29447
29453
29461
29463
29463
29467
29470
29474
29484
29485
29487
29488
29489
29489
29503
29507
29508
29511
29511
29517
29517
29518
29518
29524
29524
29532
29535
29539
29539
29544
29545
29545
29552
29562
29567
29567
29574
29574
29578
29594
29599
29610
29611
29613
29617
29617
29618
29622
29627
29627
29632
29639
29644
29645
29648
29648
29657
29673
29678
29681
29687
29690
29694
29702
29711
29716
29719
29721
29726
29731
29736
29741
29743
29746
29756
29757
29758
29758
29758
29758
29760
29765
29771
29775
29777
29793
29797
29797
29798
29799
29800
29801
29804
29804
29811
29812
29814
29815
29817
29819
29821
29821
29823
29824
29825
29827
29829
29832
29834
29834
29840
29841
29846
29847
29848
29849
29850
29851
29865
29867
29870
29881
29884
29888
29891
29892
29899
29900
29904
29906
29906
29908
29912
29913
29916
29916
29921
29922
29924
29926
29931
29931
29932
29937
29944
29952
29953
29958
29958
29959
29962
29969
29970
29976
29976
29977
29982
29984
29985
29990
29993
29993
29998
29999
30000
30007
30010
30011
30016
30018
30031
30036
30038
30046
30047
30057
30063
30063
30067
30067
30069
30069
30070
30072
30082
30083
30085
30088
30088
30089
30093
30099
30103
30108
30113
30126
30128
30133
30135
30137
30141
30155
30156
30156
30159
30161
30162
30169
30170
30178
30182
30183
30194
30198
30199
30202
30208
30208
30209
30217
30219
30221
30227
30229
30233
30238
30246
30248
30250
30250
30251
30251
30253
30256
30259
30261
30265
30266
30269
30269
30269
30271
30286
30287
30295
30307
30311
30314
30318
30321
30323
30325
30332
30334
30336
30338
30340
30340
30341
30346
30349
30351
30352
30352
30355
30355
30361
30363
30366
30371
30375
30379
30386
30392
30398
30399
30402
30411
30412
30414
30415
30416
30418
30419
30423
30425
30428
30429
30435
30438
30439
30440
30441
30442
30442
30446
30454
30456
30456
30457
30460
30468
30469
30471
30472
30476
30479
30482
30483
30487
30492
30493
30493
30499
30501
30503
30504
30506
30507
30507
30509
30512
30513
30515
30523
30523
30527
30529
30529
30530
30534
30536
30537
30545
30554
30557
30558
30562
30568
30568
30572
30576
30582
30583
30585
30596
30597
30600
30601
30603
30608
30608
30617
30617
30619
30620
30624
30628
30628
30632
30637
30638
30638
30639
30639
30646
30646
30647
30652
30658
30658
30660
30661
30663
30664
30673
30682
30682
30687
30689
30695
30696
30701
30711
30718
30719
30723
30729
30729
30730
30734
30744
30745
30748
30754
30760
30763
30764
30770
30772
30774
30780
30782
30785
30787
30793
30794
30795
30796
30802
30811
30812
30815
30816
30819
30820
30822
30823
30825
30834
30836
30838
30838
30838
30840
30848
30859
30864
30864
30869
30869
30871
30873
30874
30875
30883
30885
30886
30904
30904
30905
30905
30914
30918
30920
30924
30936
30941
30949
30949
30955
30962
30966
30968
30976
30978
30984
30988
30992
30993
30993
30999
31001
31002
31006
31006
31008
31008
31009
31012
31013
31014
31022
31023
31026
31029
31030
31032
31036
31036
31038
31045
31048
31053
31056
31060
31074
31074
31080
31085
31088
31090
31101
31102
31104
31104
31110
31110
31111
31111
31112
31113
31113
31116
31119
31130
31131
31133
31140
31147
31147
31150
31152
31154
31162
31164
31171
31171
31176
31180
31183
31186
31192
31195
31199
31203
31204
31205
31208
31209
31210
31214
31220
31222
31223
31225
31229
31231
31233
31234
31234
31244
31252
31252
31253
31254
31254
31255
31255
31266
31271
31274
31276
31281
31281
31284
31287
31292
31292
31295
31297
31307
31309
31311
31311
31314
31315
31324
31324
31328
31335
31338
31343
31348
31353
31353
31355
31357
31358
31359
31360
31362
31367
31370
31373
31374
31377
31380
31381
31385
31387
31390
31390
31395
31397
31401
31402
31402
31405
31405
31415
31418
31428
31428
31431
31441
31442
31444
31450
31453
31456
31460
31461
31469
31469
31471
31473
31475
31485
31485
31486
31487
31487
31496
31497
31498
31498
31504
31505
31510
31510
31514
31517
31525
31525
31526
31526
31527
31531
31537
31538
31539
31540
31540
31540
31541
31543
31543
31555
31556
31561
31563
31564
31565
31566
31585
31586
31588
31592
31600
31602
31604
31605
31611
31612
31614
31619
31621
31624
31625
31632
31633
31634
31635
31639
31641
31650
31651
31652
31658
31664
31668
31668
31672
31673
31675
31680
31684
31686
31688
31689
31690
31692
31693
31694
31700
31703
31712
31715
31716
31717
31720
31721
31723
31724
31725
31733
31738
31742
31742
31744
31745
31746
31746
31748
31752
31754
31754
31769
31772
31774
31776
31779
31782
31787
31787
31790
31791
31793
31794
31796
31798
31807
31810
31813
31818
31823
31826
31826
31827
31835
31837
31837
31841
31841
31844
31848
31855
31857
31858
31858
31864
31866
31873
31873
31879
31879
31880
31883
31884
31889
31889
31899
31903
31915
31915
31918
31919
31928
31935
31937
31938
31939
31945
31946
31951
31952
31960
31961
31962
31963
31965
31966
31967
31968
31969
31970
31971
31984
31985
31988
31993
31998
31998
32000
32001
32003
32003
32004
32005
32006
32007
32011
32018
32027
32028
32031
32032
32037
32041
32042
32047
32049
32049
32050
32051
32052
32053
32058
32059
32061
32063
32066
32066
32077
32084
32094
32094
32098
32101
32111
32113
32117
32120
32137
32139
32141
32142
32144
32151
32152
32154
32160
32160
32165
32166
32168
32171
32179
32179
32182
32189
32195
32196
32196
32196
32203
32208
32208
32210
32212
32213
32213
32215
32217
32224
32233
32233
32238
32238
32240
32241
32246
32251
32252
32257
32260
32261
32266
32266
32268
32268
32271
32272
32275
32280
32283
32285
32286
32287
32290
32294
32302
32303
32304
32305
32310
32312
32314
32314
32323
32325
32327
32330
32331
32332
32335
32339
32345
32352
32363
32365
32381
32385
32385
32386
32387
32389
32391
32394
32398
32402
32404
32408
32409
32410
32411
32413
32414
32417
32419
32423
32425
32426
32436
32438
32441
32443
32448
32454
32459
32463
32466
32468
32468
32472
32475
32478
32481
32486
32486
32489
32489
32498
32500
32501
32503
32507
32515
32521
32522
32525
32528
32530
32531
32532
32533
32541
32566
32569
32583
32583
32586
32588
32593
32596
32596
32600
32600
32601
32601
32601
32606
32609
32612
32617
32618
32622
32622
32623
32624
32627
32629
32631
32638
32639
32639
32642
32642
32644
32649
32651
32653
32656
32664
32666
32669
32673
32678
32678
32684
32685
32687
32687
32688
32691
32691
32704
32708
32712
32714
32715
32717
32723
32729
32730
32736
32737
32746
32751
32756
32763
