1000
11837
25240
4307
2161
11804
7481
24180
8764
26352
13665
20051
10459
21151
27884
19498
1324
29283
19644
22437
10562
23758
2733
8828
17920
27916
3018
23006
32487
30569
22209
7958
4141
10002
2708
29545
6927
26912
11666
6973
3176
2258
26758
15489
20865
24858
558
15432
20267
18268
12014
8119
20235
4978
2246
29730
22326
26867
17282
626
8190
9653
28976
20938
7179
6544
27351
15722
18093
27493
12646
8659
11376
20319
23275
25899
25073
29305
24581
24292
23793
16193
23964
25241
25512
24539
7887
29240
1627
8520
814
23398
22321
7145
5418
17439
21571
17726
25801
27293
14322
20212
31391
7292
9085
30495
30457
10523
22483
11716
12635
21317
28837
13210
27693
1553
21952
5649
28849
20742
22170
11412
10040
28547
9258
31499
32662
24414
7421
7589
15827
19148
8071
8660
32547
18817
22199
28825
2840
15640
13518
11777
17687
19636
4208
12784
21001
17384
6139
32285
18002
22740
3865
21854
28679
7569
2705
22566
4443
8400
7779
19019
8027
445
12819
26125
22748
31530
28485
24661
18865
10729
32394
570
3617
4729
1658
31689
27288
10726
8451
21510
2972
26090
15104
6702
515
6232
4621
15423
20323
6586
17562
9914
5835
1849
10303
4520
17840
6078
23119
7899
18730
19543
16048
11638
9057
32732
24810
1712
30017
6610
27517
18388
20598
26767
10616
11660
26004
26271
17991
9312
25237
28519
16333
17018
5513
9992
16051
3756
10121
6535
18687
14516
1005
21802
744
9918
16319
1061
29160
31786
5487
18805
30228
32144
18631
25869
28073
30209
1826
25392
14055
400
6105
23326
1058
24849
28927
242
13846
15137
1102
3787
12411
28263
22624
18730
23769
22809
16931
8859
20382
14785
21127
17048
17262
3393
19577
29610
24250
3604
14101
15569
30612
14552
24599
10790
18881
31241
25235
2239
21264
26896
1511
6611
18923
13436
2285
286
25132
9103
11637
29319
21554
20732
6130
25345
23091
751
22387
16559
6099
17486
10709
30283
8182
9022
20535
15816
3283
14570
1967
1590
24139
24192
31291
28903
4728
13179
15355
10704
11400
22824
10397
7985
7628
1891
13592
23673
17676
24226
2461
3172
30750
6966
30666
26214
19382
3533
8482
2892
3456
32058
25018
5409
9324
21881
21300
24142
19274
18413
31729
17414
22934
16621
32387
26593
3733
22143
23905
13511
4769
5219
9951
11024
8896
18772
7517
14313
6780
14730
12222
7162
20463
23171
22044
9542
30238
31747
9913
16466
31112
602
14137
9353
2814
5605
7695
8159
19636
27607
10294
17845
21913
3129
5921
1276
32484
14640
31476
27038
12271
23423
31988
3353
7241
6220
11836
31341
10247
29735
11955
2361
26202
10056
16442
29729
26215
1816
6698
11890
16978
10484
4349
15625
9372
8749
26187
5745
14256
2387
21753
20043
13240
7347
11693
4083
32437
12830
6020
11360
4815
21484
18696
16204
7913
12097
19804
12181
5497
14223
10682
3812
7575
9052
30496
7308
6740
9798
17477
28597
15436
3140
21458
3257
20863
6702
2767
27086
18268
22400
9051
9958
4895
9563
30625
31955
29789
18124
30983
10159
17885
15953
10152
20603
20650
9369
7685
14854
21862
23692
1271
13584
16353
18571
1001
8112
14571
25849
323
29683
2662
27642
18217
10694
2463
26234
24678
28694
31710
20082
16803
309
10555
9830
4829
5760
4532
10803
11542
16191
30845
32007
8266
7884
14743
30897
21924
22008
7588
539
8690
7082
8186
1812
23639
18633
23286
2387
19775
23388
3730
23225
2456
13552
30010
28375
3648
6202
23260
26032
12217
10750
10815
13248
12836
31024
25749
2877
7533
21080
14163
27292
8643
25147
9280
29783
8267
27575
28620
29678
11285
5359
18852
13356
5967
4008
25475
2731
24760
8435
27211
15514
5464
19469
5460
8382
31343
9347
16388
8887
5035
2969
16800
2949
22941
23789
30561
13130
13422
20056
13515
81
3790
1813
3642
22352
5422
12837
12734
24810
29999
4081
16936
18552
12634
19250
26725
22537
23825
5390
3851
5543
21701
19587
31794
17885
18026
13577
15749
30582
7720
115
6809
31878
11092
12311
381
29871
4510
4398
8594
19613
23180
22654
10396
22227
15143
8502
22042
25002
25076
21273
22739
28310
24869
13278
10930
28332
2321
10199
24275
10337
18146
26066
5598
10901
23437
8765
3220
28880
32520
30093
30887
7371
17335
480
10191
26930
20007
7136
5402
14760
13566
31467
26756
27660
7474
13426
5319
20218
26234
1695
1908
24981
31746
13883
8003
16516
7523
974
23719
25659
13266
31752
166
5244
1943
10079
3560
13597
27074
23802
24590
20491
9753
15566
19781
143
20820
5383
1562
9168
18317
13993
10128
29338
28402
32119
13167
26717
4797
3860
25312
7033
27238
5480
1847
27320
8470
30789
27920
9244
29024
23114
30109
2268
10540
23816
23102
21161
10739
28772
20050
7733
14642
12604
29518
24310
13592
6990
21260
16424
386
4693
21605
5905
16682
1652
24065
19080
12059
14296
7022
21432
11369
23962
6256
15394
22046
13282
9880
15585
14199
13650
16664
25394
27729
930
25302
24115
18398
17287
703
23019
21404
28634
10846
2955
14984
26614
23213
21235
29839
15714
13099
5496
17989
1200
3886
13797
26841
11684
3451
19903
28233
9881
13844
3022
13778
20257
12881
23512
1195
32236
19250
15280
5874
7659
8692
24944
15591
9908
22242
5890
22616
29737
4718
28389
20060
16724
9344
13869
16708
19094
11790
18380
9935
23297
2285
9489
3741
18690
25063
30574
11494
9795
14605
24446
32108
9935
15438
13638
4782
888
12361
7612
25951
23414
23392
6533
14358
22864
9998
28931
25415
7936
27514
8591
7538
15698
6476
12291
5018
14989
13759
1148
26105
27733
23799
13150
23794
10448
16022
22424
27207
4872
18570
25129
19084
1680
29736
739
23260
26219
27007
3694
30410
21289
27878
1425
29338
3155
19160
8621
1458
265
13826
2698
14667
21482
19353
6486
12140
22068
12785
19691
22041
15916
1356
21329
23240
7361
1776
19588
29204
22124
17020
10871
18357
9050
7547
21080
10928
23245
1338
25366
18891
3520
11991
17697
5188
13514
7579
26481
4802
30020
25481
19913
19596
16814
20535
21565
3321
22863
477
19442
7464
27420
3244
21797
17904
24539
11361
6766
11802
3976
13337
20806
26830
26104
12391
9160
18508
15036
28580
26548
18653
24648
25734
