100
21665
30279
21242
5408
11871
19006
27585
25604
28744
2569
26638
22355
3061
19307
1765
28946
32304
20380
7668
9285
20915
2806
21110
14925
16179
21745
22871
8820
3741
21585
665
24519
7584
31646
5110
2340
12139
10709
14023
3987
27064
17245
32036
16089
8969
22332
16973
11339
26161
9355
27208
2017
20247
5159
17612
907
9399
31402
5982
17608
21609
13978
4794
5236
12902
32480
14196
16609
9096
30075
28127
26154
5201
21109
21806
4292
24879
15126
3545
28246
5118
6489
835
203
6863
1948
30873
1957
23528
9371
23805
5012
19212
25503
10980
30791
25596
11507
22204
4226
